0 62
0 179
0 1006
0 1011
1 109
1 1132
2 63
2 744
3 130
5 258
5 242
6 39
6 110
7 183
8 271
9 281
9 397
12 238
13 127
14 138
14 100
14 786
15 26
16 197
16 28
16 539
17 253
17 156
20 57
21 241
21 847
22 190
24 82
24 41
25 240
26 126
28 74
29 120
29 131
30 76
30 215
31 564
32 184
32 666
33 110
33 961
33 1126
34 278
37 293
38 127
40 144
40 213
40 1223
41 273
42 208
43 1164
44 93
45 243
45 251
46 68
46 179
46 300
47 175
47 981
50 81
53 493
57 75
57 193
58 292
58 280
59 64
60 134
60 125
61 67
64 110
65 84
66 180
66 214
66 931
67 211
67 679
68 101
68 306
69 85
70 148
71 160
71 381
73 101
74 203
74 419
75 169
75 206
76 183
76 190
78 104
79 93
80 295
80 483
80 1004
81 100
81 225
82 188
83 100
84 98
84 278
84 310
85 268
85 101
86 223
86 267
86 1242
87 213
87 297
89 196
91 234
91 174
91 297
93 152
95 1027
97 212
100 133
101 633
103 135
104 121
104 514
108 154
111 181
112 274
112 887
113 156
114 827
115 241
115 221
115 542
116 161
117 1107
118 241
121 198
121 191
123 206
125 236
126 214
127 187
129 192
130 296
131 918
132 726
135 248
135 875
137 1042
138 273
139 263
139 822
140 260
140 178
140 176
140 617
142 207
142 768
144 270
145 181
146 268
148 800
149 245
149 539
149 1194
152 236
153 600
154 215
154 281
154 810
155 188
156 177
156 186
157 544
160 439
161 221
162 356
162 493
162 885
162 984
165 174
166 288
166 599
166 801
166 1056
167 1051
168 185
169 749
170 174
171 186
171 265
171 1176
172 400
174 257
176 760
176 775
176 842
178 654
179 263
179 238
179 290
180 873
181 1221
183 1028
184 251
184 1228
185 269
185 628
186 230
187 1115
190 217
191 280
191 453
192 288
192 219
193 272
196 207
200 800
201 466
202 215
205 929
206 461
207 291
208 288
211 1243
212 238
212 1075
214 774
215 378
216 222
218 877
219 221
220 1054
222 232
225 882
226 249
230 1082
232 240
232 689
235 950
236 1132
237 261
237 1034
239 1069
239 1092
240 882
242 280
245 564
245 903
248 1156
249 280
257 708
259 801
265 1062
266 1082
267 271
271 371
272 1147
279 400
279 546
279 1045
280 891
281 452
286 504
286 784
288 296
288 772
289 298
289 576
293 878
294 335
297 634
297 1140
299 564
300 301
300 305
301 302
305 304
302 303
303 304
306 307
306 313
307 308
313 312
308 309
309 310
310 311
311 312
314 315
314 333
315 316
315 936
333 332
316 317
317 318
318 319
319 320
320 321
321 322
322 323
323 324
324 325
325 326
326 327
327 328
328 329
329 330
330 331
331 332
334 335
334 351
335 336
351 350
336 337
337 338
337 1098
338 339
339 340
340 341
341 342
342 343
343 344
344 345
345 346
346 347
347 348
348 349
349 350
352 353
352 363
353 354
363 362
354 355
355 356
356 357
357 358
358 359
358 590
359 360
360 361
361 362
364 365
364 378
365 366
378 377
366 367
367 368
368 369
369 370
370 371
371 372
372 373
373 374
374 375
375 376
376 377
379 380
379 391
380 381
391 390
381 382
382 383
382 809
383 384
384 385
385 386
386 387
387 388
388 389
389 390
392 393
392 398
393 394
398 397
394 395
395 396
396 397
399 400
399 401
400 401
402 403
402 416
403 404
416 415
404 405
405 406
406 407
407 408
408 409
408 578
409 410
410 411
411 412
412 413
413 414
414 415
417 418
417 435
418 419
435 434
419 420
420 421
421 422
422 423
423 424
424 425
425 426
426 427
427 428
428 429
429 430
430 431
431 432
432 433
433 434
436 437
436 454
437 438
437 1148
454 453
438 439
439 440
440 441
441 442
442 443
443 444
444 445
445 446
446 447
447 448
448 449
449 450
450 451
451 452
452 453
455 456
455 473
456 457
473 472
457 458
458 459
459 460
460 461
461 462
462 463
463 464
464 465
465 466
466 467
467 468
468 469
469 470
470 471
471 472
474 475
474 490
475 476
490 489
476 477
477 478
478 479
479 480
480 481
481 482
482 483
483 484
484 485
485 486
486 487
487 488
488 489
491 492
491 497
492 493
497 496
493 494
494 495
495 496
498 499
498 515
499 500
515 514
500 501
501 502
502 503
503 504
503 792
504 505
505 506
506 507
507 508
508 509
509 510
510 511
511 512
512 513
513 514
516 517
516 533
517 518
533 532
533 837
518 519
519 520
520 521
521 522
522 523
523 524
524 525
525 526
526 527
527 528
528 529
529 530
530 531
531 532
534 535
534 542
535 536
542 541
536 537
537 538
538 539
539 540
540 541
543 544
543 563
544 545
563 562
545 546
546 547
547 548
547 815
548 549
549 550
550 551
551 552
552 553
553 554
554 555
555 556
556 557
557 558
558 559
559 560
560 561
561 562
564 565
564 1214
566 567
566 578
567 568
578 577
578 1063
568 569
569 570
570 571
571 572
572 573
573 574
574 575
575 576
576 577
579 580
579 594
580 581
594 593
581 582
582 583
583 584
584 585
585 586
586 587
587 588
588 589
589 590
590 591
591 592
592 593
595 596
595 607
596 597
607 606
597 598
597 994
598 599
599 600
600 601
601 602
602 603
603 604
604 605
605 606
608 609
608 617
609 610
617 616
610 611
611 612
612 613
613 614
614 615
615 616
618 619
618 636
619 620
636 635
620 621
621 622
622 623
623 624
624 625
625 626
626 627
627 628
628 629
629 630
630 631
631 632
632 633
633 634
634 635
637 638
637 651
638 639
651 650
639 640
640 641
641 642
642 643
643 644
644 645
645 646
646 647
646 1024
647 648
648 649
649 650
652 653
652 673
653 654
673 672
654 655
654 1103
655 656
656 657
657 658
658 659
659 660
660 661
661 662
662 663
663 664
664 665
665 666
666 667
667 668
668 669
669 670
670 671
671 672
674 675
674 681
675 676
681 680
676 677
677 678
678 679
679 680
682 683
682 702
683 684
702 701
684 685
685 686
686 687
687 688
688 689
689 690
690 691
691 692
692 693
693 694
694 695
695 696
696 697
697 698
698 699
699 700
700 701
703 704
703 713
704 705
713 712
705 706
706 707
707 708
708 709
709 710
710 711
711 712
714 715
714 726
715 716
726 725
716 717
717 718
718 719
719 720
720 721
721 722
722 723
722 886
723 724
724 725
727 728
727 743
727 887
728 729
743 742
729 730
730 731
731 732
732 733
733 734
734 735
735 736
735 900
736 737
737 738
738 739
739 740
739 1113
740 741
741 742
744 745
744 757
745 746
757 756
746 747
747 748
748 749
749 750
750 751
751 752
752 753
753 754
754 755
755 756
758 759
758 767
759 760
767 766
760 761
761 762
762 763
763 764
764 765
765 766
768 769
768 775
769 770
775 774
770 771
771 772
772 773
773 774
776 777
776 784
777 778
784 783
778 779
779 780
780 781
781 782
782 783
785 786
785 787
786 787
788 789
788 798
789 790
798 797
790 791
791 792
792 793
793 794
794 795
795 796
796 797
799 800
799 801
800 801
802 803
802 809
803 804
809 808
804 805
805 806
806 807
807 808
810 811
810 820
811 812
820 819
812 813
813 814
814 815
815 816
816 817
817 818
818 819
821 822
821 830
821 1106
822 823
830 829
823 824
824 825
825 826
826 827
827 828
828 829
831 832
831 846
832 833
846 845
833 834
834 835
835 836
836 837
837 838
838 839
839 840
840 841
841 842
842 843
843 844
844 845
847 848
847 865
848 849
865 864
849 850
850 851
851 852
852 853
853 854
854 855
855 856
856 857
857 858
858 859
859 860
860 861
861 862
862 863
863 864
866 867
866 878
867 868
878 877
868 869
869 870
870 871
871 872
872 873
873 874
874 875
875 876
876 877
879 880
879 887
880 881
887 886
881 882
882 883
883 884
884 885
885 886
888 889
888 900
889 890
900 899
890 891
891 892
892 893
893 894
894 895
895 896
896 897
897 898
898 899
901 902
901 910
902 903
910 909
903 904
904 905
905 906
906 907
907 908
908 909
911 912
911 926
912 913
926 925
913 914
914 915
915 916
916 917
917 918
918 919
918 1189
919 920
920 921
921 922
922 923
923 924
924 925
927 928
927 936
928 929
936 935
929 930
930 931
931 932
932 933
933 934
934 935
937 938
937 957
938 939
957 956
939 940
940 941
941 942
942 943
943 944
944 945
945 946
946 947
947 948
948 949
949 950
950 951
951 952
952 953
952 1169
953 954
954 955
955 956
958 959
958 979
959 960
979 978
960 961
961 962
962 963
963 964
964 965
965 966
966 967
967 968
968 969
969 970
970 971
971 972
972 973
973 974
974 975
975 976
976 977
977 978
980 981
980 986
981 982
986 985
982 983
983 984
984 985
987 988
987 989
988 989
989 1220
990 991
990 1007
991 992
1007 1006
992 993
993 994
994 995
995 996
996 997
997 998
998 999
999 1000
1000 1001
1001 1002
1002 1003
1003 1004
1004 1005
1005 1006
1008 1009
1008 1019
1009 1010
1019 1018
1010 1011
1011 1012
1012 1013
1013 1014
1014 1015
1015 1016
1016 1017
1017 1018
1020 1021
1020 1028
1021 1022
1028 1027
1022 1023
1023 1024
1024 1025
1025 1026
1026 1027
1029 1030
1029 1041
1030 1031
1041 1040
1031 1032
1032 1033
1033 1034
1034 1035
1035 1036
1036 1037
1037 1038
1037 1103
1038 1039
1039 1040
1042 1043
1042 1051
1043 1044
1051 1050
1044 1045
1045 1046
1046 1047
1047 1048
1048 1049
1048 1135
1049 1050
1052 1053
1052 1073
1053 1054
1073 1072
1054 1055
1055 1056
1056 1057
1057 1058
1058 1059
1059 1060
1060 1061
1061 1062
1062 1063
1063 1064
1064 1065
1065 1066
1066 1067
1067 1068
1068 1069
1069 1070
1070 1071
1071 1072
1074 1075
1074 1079
1075 1076
1079 1078
1076 1077
1077 1078
1080 1081
1080 1082
1081 1082
1083 1084
1083 1101
1084 1085
1101 1100
1085 1086
1086 1087
1087 1088
1088 1089
1089 1090
1090 1091
1091 1092
1092 1093
1093 1094
1094 1095
1095 1096
1096 1097
1097 1098
1098 1099
1099 1100
1102 1103
1102 1105
1103 1104
1105 1104
1106 1107
1106 1110
1107 1108
1110 1109
1108 1109
1111 1112
1111 1129
1112 1113
1129 1128
1113 1114
1114 1115
1115 1116
1116 1117
1117 1118
1118 1119
1119 1120
1120 1121
1121 1122
1122 1123
1123 1124
1124 1125
1125 1126
1126 1127
1127 1128
1130 1131
1130 1145
1131 1132
1145 1144
1132 1133
1133 1134
1134 1135
1135 1136
1136 1137
1137 1138
1138 1139
1139 1140
1140 1141
1141 1142
1142 1143
1143 1144
1146 1147
1146 1148
1147 1148
1149 1150
1149 1170
1150 1151
1170 1169
1151 1152
1152 1153
1153 1154
1154 1155
1155 1156
1156 1157
1157 1158
1158 1159
1159 1160
1160 1161
1161 1162
1162 1163
1163 1164
1164 1165
1165 1166
1166 1167
1167 1168
1168 1169
1171 1172
1171 1187
1172 1173
1187 1186
1173 1174
1174 1175
1175 1176
1176 1177
1177 1178
1178 1179
1179 1180
1180 1181
1181 1182
1182 1183
1183 1184
1184 1185
1185 1186
1188 1189
1188 1208
1189 1190
1208 1207
1190 1191
1191 1192
1192 1193
1193 1194
1194 1195
1195 1196
1196 1197
1197 1198
1198 1199
1199 1200
1200 1201
1201 1202
1202 1203
1203 1204
1204 1205
1205 1206
1206 1207
1209 1210
1209 1216
1210 1211
1216 1215
1211 1212
1212 1213
1213 1214
1214 1215
1217 1218
1217 1225
1218 1219
1225 1224
1219 1220
1220 1221
1221 1222
1222 1223
1223 1224
1226 1227
1226 1239
1227 1228
1239 1238
1228 1229
1229 1230
1230 1231
1231 1232
1232 1233
1233 1234
1234 1235
1235 1236
1236 1237
1237 1238
1240 1241
1240 1247
1241 1242
1247 1246
1242 1243
1243 1244
1244 1245
1245 1246
