0 16
0 68
0 75
0 76
3 28
3 59
4 79
7 22
7 32
8 33
8 43
8 39
9 64
9 17
10 155
11 264
12 132
15 157
16 231
16 251
17 79
18 33
18 186
19 83
20 97
20 114
20 137
22 90
23 35
23 26
23 40
23 61
24 255
25 79
25 84
25 49
26 71
26 80
30 143
32 140
32 244
34 83
35 52
37 78
37 40
38 49
38 77
38 229
39 96
39 61
40 89
41 204
43 93
44 60
46 53
46 99
46 197
47 147
47 203
48 50
48 208
49 62
51 247
51 265
52 58
53 70
53 132
54 102
59 98
60 61
60 90
70 238
72 99
73 113
73 167
74 187
75 77
76 86
79 282
80 82
81 213
83 132
85 248
86 90
86 213
89 97
91 186
92 227
93 170
98 126
99 153
100 101
100 113
101 102
113 112
102 103
103 104
104 105
105 106
106 107
107 108
108 109
109 110
110 111
111 112
114 115
114 121
115 116
121 120
116 117
117 118
118 119
118 224
119 120
122 123
122 126
123 124
126 125
126 264
124 125
127 128
127 134
128 129
134 133
129 130
130 131
131 132
132 133
135 136
135 139
136 137
139 138
137 138
140 141
142 143
142 151
142 170
143 144
151 150
144 145
145 146
146 147
147 148
147 174
148 149
149 150
152 153
154 155
154 164
154 263
155 156
164 163
156 157
157 158
158 159
159 160
160 161
161 162
162 163
165 166
165 167
165 180
166 167
167 186
168 169
168 171
169 170
171 170
172 173
172 177
173 174
177 176
174 175
175 176
178 179
178 182
179 180
182 181
180 181
183 184
183 187
184 185
187 186
185 186
188 189
188 198
189 190
198 197
190 191
191 192
192 193
193 194
194 195
195 196
196 197
199 200
199 206
200 201
206 205
201 202
202 203
203 204
204 205
207 208
207 213
208 209
213 212
209 210
210 211
211 212
214 215
214 226
215 216
226 225
216 217
217 218
218 219
219 220
220 221
221 222
222 223
223 224
224 225
227 228
227 230
228 229
230 229
231 232
231 236
232 233
236 235
233 234
234 235
235 267
237 238
237 250
238 239
250 249
239 240
240 241
241 242
242 243
243 244
244 245
245 246
246 247
247 248
248 249
251 252
251 261
252 253
261 260
253 254
254 255
255 256
256 257
257 258
258 259
259 260
262 263
262 266
263 264
266 265
264 265
267 268
267 274
268 269
274 273
269 270
270 271
271 272
272 273
275 276
275 282
276 277
282 281
277 278
278 279
279 280
280 281
