0 549
0 356
0 437
0 2781
1 5
1 1402
2 258
2 3387
3 140
3 310
3 443
4 637
5 2697
6 277
6 473
7 261
8 367
10 442
10 2167
12 667
13 61
13 597
13 491
14 195
14 439
15 542
16 129
16 1653
17 2940
18 194
18 562
19 134
19 670
21 476
22 60
22 689
22 1171
24 488
24 1192
26 648
26 341
27 542
27 475
31 664
32 493
32 352
32 2416
33 37
33 240
33 493
33 3049
34 561
34 1671
34 2295
35 313
35 1960
37 529
37 99
37 943
37 2487
37 2893
38 53
39 160
40 200
40 803
40 2749
41 115
43 380
44 218
44 213
44 661
45 480
47 185
47 1751
48 252
49 554
49 1247
49 2830
50 498
50 126
52 1476
53 104
54 154
54 2812
56 587
58 180
58 286
58 584
59 2316
60 152
60 323
62 473
62 463
63 221
64 397
64 645
64 269
64 405
64 99
65 417
67 156
67 636
67 310
68 479
68 1036
68 3192
69 286
71 186
72 162
72 96
72 242
73 514
73 388
73 286
73 3059
74 398
77 142
78 632
79 632
80 181
80 672
80 632
80 1986
82 615
82 3264
83 129
84 2893
85 118
85 681
89 169
93 238
93 547
93 442
93 127
93 828
94 259
94 502
94 1195
96 358
98 203
100 552
101 1668
103 640
104 2478
105 186
106 2736
109 172
109 1611
110 656
110 682
110 543
110 1244
110 2130
110 3151
112 260
112 284
113 499
113 651
113 2165
114 369
115 150
115 386
116 424
117 522
117 560
118 228
119 169
121 589
121 408
121 1365
121 2682
123 270
125 126
125 3116
127 518
128 1729
129 307
130 1554
131 617
132 360
132 2084
133 212
133 577
134 183
136 203
136 674
136 240
136 3355
138 600
139 387
139 366
139 2676
141 2245
141 2965
142 1658
143 216
143 639
145 478
145 160
145 2362
146 169
146 2429
146 3194
148 346
149 311
149 749
149 2967
150 371
151 253
151 348
152 267
152 334
154 439
154 2241
155 480
155 565
157 550
157 435
158 274
158 669
158 2227
160 1658
161 317
162 669
162 3102
163 600
163 860
163 2406
164 363
165 284
165 293
165 1634
165 3321
166 313
167 245
167 479
167 246
168 492
169 496
169 489
171 323
172 444
173 343
173 420
173 2295
174 3223
175 426
175 631
177 492
178 483
179 246
179 688
180 186
181 264
183 375
183 398
184 346
184 484
184 220
184 405
185 324
185 2625
185 3065
187 2256
187 3271
188 319
188 479
190 691
190 207
191 262
192 3433
193 413
195 558
197 1872
199 374
200 207
200 2329
203 541
203 1003
205 1436
205 1816
206 2302
210 1707
211 2722
212 320
213 688
213 1795
215 1580
216 503
217 473
218 637
219 352
220 587
220 2954
221 3284
222 363
223 537
226 256
228 683
231 482
231 571
231 505
233 302
235 644
235 273
236 588
236 672
237 443
240 362
240 693
241 564
241 260
242 502
243 283
243 382
243 2468
245 1771
247 348
248 525
249 280
249 960
250 2255
252 371
254 2419
256 294
256 417
256 3053
258 566
260 565
261 319
262 324
266 580
266 1557
269 1737
270 495
271 409
271 300
273 3341
274 3127
277 465
277 440
278 386
278 527
279 546
280 355
280 422
280 433
280 573
281 415
290 673
290 529
291 352
292 602
292 300
293 581
293 596
293 688
295 427
295 512
296 685
296 341
296 1393
297 517
297 568
298 363
298 505
298 1497
298 1574
299 652
299 736
300 533
300 592
300 504
302 558
302 2313
303 613
303 889
303 2722
303 2915
304 1244
307 481
307 1782
309 1705
309 1856
312 1042
313 2017
313 2507
316 505
316 2522
317 3411
319 696
321 2106
321 2887
323 377
324 3175
326 2397
326 3160
328 1619
330 381
331 491
331 438
331 476
335 1863
336 2244
337 3421
338 509
338 550
340 3108
341 628
344 546
344 628
345 1307
346 381
347 2663
347 3285
348 411
348 665
350 1503
351 499
352 377
353 436
353 418
354 1278
356 677
356 1208
357 628
357 1453
358 418
358 520
358 475
358 578
359 511
359 548
359 677
360 1298
361 662
361 671
362 384
366 889
366 3432
367 481
368 413
369 396
369 616
369 698
370 449
370 443
370 698
370 3191
374 544
376 642
376 1129
378 537
378 478
380 1057
380 1482
382 829
382 2444
383 664
383 394
383 2282
384 567
384 639
385 1336
385 1397
387 1442
388 574
388 658
389 512
389 678
389 874
394 627
394 480
398 676
399 473
399 1428
400 2989
404 3217
408 1706
410 632
410 2006
412 3071
413 3189
415 521
415 3235
416 560
419 577
419 2079
419 3245
420 697
421 687
424 2643
425 507
425 817
425 2395
426 456
431 689
431 1075
432 1210
434 659
435 599
437 620
437 481
438 1790
439 569
439 649
439 697
440 1896
441 830
442 570
443 2911
444 2375
446 542
447 1004
452 3191
454 1586
454 2580
455 899
455 2547
457 2672
458 528
459 681
460 851
460 1852
461 566
463 697
463 2299
467 689
467 483
468 2341
470 2043
471 665
473 3077
476 510
476 1694
476 3301
477 3114
482 974
483 642
483 1016
486 603
486 530
488 540
488 585
488 1083
489 562
490 1281
490 2913
491 1571
491 3217
492 677
492 809
493 626
495 975
497 3309
497 3379
498 3012
503 681
503 1329
503 3159
504 622
506 827
508 812
508 1534
509 562
511 790
513 626
514 2950
515 604
516 2468
517 2798
518 1593
525 3047
526 628
527 1530
528 2311
529 916
530 660
530 3404
532 3279
535 657
536 551
538 3149
539 577
542 615
543 2840
544 1896
545 573
545 2620
546 612
551 3150
552 559
552 3427
554 599
555 2817
555 2852
558 619
558 2318
560 577
561 1127
561 1948
561 2115
564 671
566 1236
568 2608
568 3038
577 1645
578 1947
579 1466
579 1595
582 666
582 2914
584 589
586 683
586 3327
587 606
588 1436
589 609
592 2193
596 640
600 1579
603 3068
604 617
604 2895
606 687
609 621
614 797
614 2767
622 647
629 661
629 1326
629 3116
630 711
631 2719
636 2147
637 654
639 2030
643 2436
644 3052
645 1679
647 1319
650 2822
652 1849
657 676
659 2776
660 807
661 1895
662 1886
664 3394
665 2966
666 2564
667 1669
670 1215
678 824
684 761
684 1360
684 1576
696 2015
698 2176
700 701
700 716
701 702
716 715
702 703
703 704
704 705
705 706
706 707
707 708
708 709
709 710
710 711
711 712
711 2183
712 713
713 714
714 715
717 718
717 746
718 719
746 745
719 720
720 721
721 722
722 723
723 724
724 725
725 726
726 727
727 728
728 729
729 730
730 731
731 732
732 733
733 734
734 735
735 736
736 737
737 738
738 739
738 3265
739 740
740 741
741 742
742 743
743 744
744 745
747 748
747 750
748 749
750 749
751 752
751 764
752 753
764 763
753 754
754 755
755 756
756 757
757 758
758 759
759 760
760 761
761 762
762 763
765 766
765 783
766 767
783 782
767 768
768 769
769 770
770 771
771 772
772 773
773 774
774 775
775 776
776 777
777 778
778 779
779 780
780 781
780 3306
781 782
784 785
784 794
785 786
794 793
786 787
787 788
788 789
789 790
790 791
791 792
792 793
795 796
795 811
796 797
811 810
797 798
798 799
799 800
800 801
801 802
802 803
803 804
804 805
805 806
806 807
807 808
808 809
808 1585
809 810
812 813
812 818
813 814
818 817
814 815
815 816
816 817
819 820
819 829
820 821
829 828
821 822
822 823
823 824
824 825
825 826
826 827
827 828
830 831
830 859
831 832
859 858
832 833
833 834
834 835
835 836
836 837
837 838
838 839
839 840
840 841
841 842
842 843
843 844
844 845
845 846
846 847
847 848
848 849
849 850
850 851
851 852
852 853
853 854
854 855
855 856
856 857
857 858
860 861
862 863
862 887
863 864
887 886
864 865
865 866
866 867
867 868
868 869
869 870
870 871
871 872
872 873
873 874
874 875
875 876
876 877
877 878
878 879
879 880
880 881
881 882
882 883
883 884
884 885
885 886
888 889
888 892
889 890
892 891
892 2708
890 891
893 894
893 917
894 895
917 916
895 896
896 897
897 898
898 899
899 900
900 901
901 902
902 903
903 904
904 905
905 906
906 907
907 908
908 909
909 910
910 911
911 912
912 913
913 914
914 915
915 916
918 919
918 940
919 920
940 939
920 921
921 922
922 923
923 924
924 925
925 926
926 927
927 928
927 991
928 929
929 930
930 931
931 932
932 933
933 934
934 935
935 936
936 937
937 938
938 939
941 942
941 967
941 3187
942 943
967 966
943 944
944 945
945 946
946 947
947 948
948 949
949 950
950 951
951 952
952 953
953 954
954 955
955 956
956 957
957 958
958 959
959 960
960 961
961 962
962 963
963 964
964 965
965 966
968 969
968 987
969 970
987 986
970 971
971 972
972 973
973 974
974 975
975 976
976 977
977 978
978 979
979 980
980 981
981 982
982 983
983 984
984 985
985 986
988 989
988 1008
989 990
1008 1007
990 991
991 992
992 993
993 994
994 995
995 996
996 997
997 998
998 999
999 1000
1000 1001
1001 1002
1002 1003
1003 1004
1004 1005
1005 1006
1006 1007
1009 1010
1009 1024
1010 1011
1024 1023
1011 1012
1012 1013
1012 1351
1013 1014
1014 1015
1015 1016
1016 1017
1017 1018
1018 1019
1019 1020
1020 1021
1021 1022
1022 1023
1025 1026
1025 1045
1026 1027
1045 1044
1027 1028
1028 1029
1029 1030
1030 1031
1031 1032
1032 1033
1033 1034
1034 1035
1035 1036
1036 1037
1037 1038
1038 1039
1039 1040
1040 1041
1041 1042
1042 1043
1043 1044
1046 1047
1046 1067
1047 1048
1067 1066
1048 1049
1049 1050
1050 1051
1051 1052
1052 1053
1053 1054
1054 1055
1055 1056
1056 1057
1057 1058
1058 1059
1059 1060
1060 1061
1061 1062
1061 1188
1062 1063
1063 1064
1064 1065
1065 1066
1068 1069
1068 1075
1069 1070
1075 1074
1070 1071
1071 1072
1072 1073
1073 1074
1076 1077
1076 1106
1077 1078
1106 1105
1078 1079
1079 1080
1080 1081
1081 1082
1082 1083
1083 1084
1084 1085
1085 1086
1086 1087
1087 1088
1088 1089
1089 1090
1090 1091
1091 1092
1092 1093
1093 1094
1094 1095
1095 1096
1096 1097
1097 1098
1098 1099
1099 1100
1100 1101
1101 1102
1102 1103
1103 1104
1104 1105
1107 1108
1107 1127
1108 1109
1127 1126
1109 1110
1110 1111
1111 1112
1112 1113
1113 1114
1114 1115
1115 1116
1116 1117
1117 1118
1118 1119
1119 1120
1120 1121
1121 1122
1122 1123
1123 1124
1124 1125
1125 1126
1125 3062
1128 1129
1128 1151
1129 1130
1151 1150
1130 1131
1131 1132
1132 1133
1133 1134
1134 1135
1135 1136
1136 1137
1137 1138
1138 1139
1139 1140
1140 1141
1141 1142
1142 1143
1143 1144
1144 1145
1145 1146
1146 1147
1147 1148
1148 1149
1149 1150
1152 1153
1152 1178
1153 1154
1178 1177
1154 1155
1155 1156
1156 1157
1157 1158
1158 1159
1159 1160
1160 1161
1161 1162
1162 1163
1163 1164
1164 1165
1165 1166
1166 1167
1167 1168
1168 1169
1169 1170
1170 1171
1171 1172
1172 1173
1173 1174
1174 1175
1175 1176
1176 1177
1179 1180
1179 1185
1180 1181
1185 1184
1181 1182
1182 1183
1182 1671
1183 1184
1186 1187
1186 1194
1187 1188
1194 1193
1188 1189
1189 1190
1190 1191
1191 1192
1192 1193
1195 1196
1195 1203
1196 1197
1203 1202
1197 1198
1198 1199
1199 1200
1200 1201
1201 1202
1204 1205
1204 1210
1205 1206
1210 1209
1206 1207
1207 1208
1208 1209
1211 1212
1211 1222
1212 1213
1222 1221
1213 1214
1214 1215
1215 1216
1215 3335
1216 1217
1217 1218
1218 1219
1219 1220
1220 1221
1223 1224
1223 1244
1224 1225
1244 1243
1225 1226
1226 1227
1227 1228
1228 1229
1229 1230
1230 1231
1231 1232
1232 1233
1233 1234
1234 1235
1235 1236
1236 1237
1237 1238
1238 1239
1239 1240
1240 1241
1241 1242
1242 1243
1245 1246
1245 1273
1246 1247
1273 1272
1247 1248
1248 1249
1249 1250
1250 1251
1251 1252
1252 1253
1253 1254
1254 1255
1255 1256
1256 1257
1257 1258
1258 1259
1259 1260
1260 1261
1261 1262
1262 1263
1263 1264
1264 1265
1265 1266
1266 1267
1267 1268
1268 1269
1269 1270
1270 1271
1271 1272
1274 1275
1274 1297
1275 1276
1297 1296
1276 1277
1277 1278
1278 1279
1279 1280
1280 1281
1281 1282
1282 1283
1283 1284
1284 1285
1285 1286
1286 1287
1287 1288
1288 1289
1289 1290
1290 1291
1291 1292
1292 1293
1293 1294
1294 1295
1295 1296
1298 1299
1298 1314
1299 1300
1314 1313
1300 1301
1301 1302
1302 1303
1303 1304
1304 1305
1305 1306
1306 1307
1307 1308
1308 1309
1309 1310
1310 1311
1311 1312
1312 1313
1315 1316
1315 1319
1315 1406
1315 1517
1316 1317
1319 1318
1317 1318
1320 1321
1320 1326
1321 1322
1326 1325
1322 1323
1323 1324
1324 1325
1327 1328
1327 1337
1328 1329
1337 1336
1329 1330
1330 1331
1331 1332
1332 1333
1333 1334
1334 1335
1335 1336
1338 1339
1338 1361
1339 1340
1361 1360
1340 1341
1341 1342
1342 1343
1343 1344
1344 1345
1345 1346
1346 1347
1347 1348
1348 1349
1349 1350
1350 1351
1351 1352
1352 1353
1353 1354
1354 1355
1355 1356
1356 1357
1357 1358
1358 1359
1359 1360
1362 1363
1362 1376
1363 1364
1376 1375
1364 1365
1365 1366
1366 1367
1367 1368
1368 1369
1369 1370
1370 1371
1371 1372
1372 1373
1373 1374
1374 1375
1377 1378
1377 1396
1378 1379
1396 1395
1379 1380
1380 1381
1381 1382
1382 1383
1383 1384
1384 1385
1385 1386
1386 1387
1387 1388
1388 1389
1389 1390
1390 1391
1391 1392
1392 1393
1393 1394
1394 1395
1397 1398
1397 1401
1398 1399
1401 1400
1399 1400
1402 1403
1404 1405
1404 1433
1405 1406
1433 1432
1406 1407
1407 1408
1408 1409
1409 1410
1410 1411
1411 1412
1412 1413
1413 1414
1414 1415
1415 1416
1416 1417
1417 1418
1418 1419
1419 1420
1420 1421
1421 1422
1422 1423
1423 1424
1424 1425
1425 1426
1426 1427
1427 1428
1428 1429
1429 1430
1430 1431
1431 1432
1434 1435
1434 1441
1435 1436
1441 1440
1436 1437
1437 1438
1438 1439
1439 1440
1442 1443
1442 1454
1443 1444
1454 1453
1444 1445
1445 1446
1446 1447
1447 1448
1448 1449
1449 1450
1450 1451
1451 1452
1452 1453
1455 1456
1455 1464
1456 1457
1456 2946
1464 1463
1457 1458
1458 1459
1459 1460
1460 1461
1461 1462
1462 1463
1465 1466
1465 1480
1466 1467
1480 1479
1467 1468
1468 1469
1469 1470
1470 1471
1471 1472
1472 1473
1473 1474
1474 1475
1475 1476
1476 1477
1477 1478
1478 1479
1481 1482
1481 1508
1482 1483
1482 1766
1508 1507
1483 1484
1484 1485
1485 1486
1486 1487
1487 1488
1488 1489
1489 1490
1490 1491
1491 1492
1492 1493
1493 1494
1494 1495
1495 1496
1496 1497
1497 1498
1497 1898
1498 1499
1499 1500
1500 1501
1501 1502
1502 1503
1503 1504
1504 1505
1505 1506
1505 1595
1506 1507
1509 1510
1509 1527
1510 1511
1527 1526
1511 1512
1512 1513
1513 1514
1514 1515
1515 1516
1516 1517
1517 1518
1518 1519
1519 1520
1520 1521
1521 1522
1522 1523
1523 1524
1524 1525
1525 1526
1528 1529
1528 1557
1529 1530
1557 1556
1530 1531
1531 1532
1532 1533
1533 1534
1534 1535
1535 1536
1536 1537
1537 1538
1538 1539
1539 1540
1540 1541
1541 1542
1542 1543
1543 1544
1544 1545
1545 1546
1546 1547
1547 1548
1548 1549
1549 1550
1550 1551
1551 1552
1552 1553
1553 1554
1554 1555
1555 1556
1558 1559
1558 1573
1559 1560
1573 1572
1560 1561
1561 1562
1562 1563
1563 1564
1564 1565
1565 1566
1566 1567
1567 1568
1568 1569
1569 1570
1570 1571
1571 1572
1574 1575
1574 1577
1575 1576
1577 1576
1578 1579
1578 1591
1579 1580
1591 1590
1580 1581
1581 1582
1582 1583
1583 1584
1584 1585
1585 1586
1586 1587
1587 1588
1588 1589
1589 1590
1592 1593
1592 1597
1593 1594
1597 1596
1594 1595
1595 1596
1595 2117
1598 1599
1598 1617
1599 1600
1617 1616
1600 1601
1601 1602
1602 1603
1603 1604
1604 1605
1605 1606
1606 1607
1607 1608
1608 1609
1609 1610
1610 1611
1611 1612
1612 1613
1613 1614
1614 1615
1615 1616
1618 1619
1618 1644
1619 1620
1644 1643
1620 1621
1621 1622
1622 1623
1623 1624
1624 1625
1625 1626
1626 1627
1627 1628
1628 1629
1629 1630
1630 1631
1631 1632
1631 3226
1632 1633
1633 1634
1634 1635
1635 1636
1636 1637
1637 1638
1638 1639
1639 1640
1640 1641
1641 1642
1642 1643
1645 1646
1645 1665
1646 1647
1665 1664
1647 1648
1648 1649
1649 1650
1650 1651
1651 1652
1652 1653
1653 1654
1654 1655
1655 1656
1656 1657
1657 1658
1658 1659
1659 1660
1660 1661
1661 1662
1662 1663
1663 1664
1666 1667
1666 1671
1667 1668
1671 1670
1668 1669
1669 1670
1672 1673
1672 1684
1673 1674
1684 1683
1674 1675
1675 1676
1676 1677
1677 1678
1678 1679
1679 1680
1680 1681
1681 1682
1682 1683
1685 1686
1685 1704
1686 1687
1704 1703
1687 1688
1688 1689
1689 1690
1690 1691
1691 1692
1692 1693
1693 1694
1694 1695
1695 1696
1696 1697
1696 3221
1697 1698
1698 1699
1699 1700
1700 1701
1701 1702
1702 1703
1705 1706
1705 1708
1706 1707
1708 1707
1707 2168
1709 1710
1709 1730
1710 1711
1730 1729
1711 1712
1712 1713
1713 1714
1714 1715
1715 1716
1715 1915
1716 1717
1717 1718
1718 1719
1719 1720
1720 1721
1721 1722
1722 1723
1723 1724
1724 1725
1725 1726
1726 1727
1727 1728
1728 1729
1731 1732
1731 1742
1732 1733
1742 1741
1733 1734
1734 1735
1735 1736
1735 3108
1736 1737
1737 1738
1738 1739
1739 1740
1740 1741
1743 1744
1743 1759
1744 1745
1759 1758
1745 1746
1746 1747
1747 1748
1748 1749
1749 1750
1750 1751
1751 1752
1752 1753
1753 1754
1754 1755
1755 1756
1756 1757
1757 1758
1760 1761
1760 1774
1761 1762
1774 1773
1762 1763
1763 1764
1764 1765
1765 1766
1766 1767
1767 1768
1768 1769
1769 1770
1770 1771
1771 1772
1772 1773
1775 1776
1775 1794
1776 1777
1794 1793
1777 1778
1778 1779
1779 1780
1780 1781
1781 1782
1782 1783
1783 1784
1784 1785
1785 1786
1786 1787
1787 1788
1788 1789
1789 1790
1790 1791
1791 1792
1792 1793
1795 1796
1795 1797
1796 1797
1798 1799
1798 1820
1799 1800
1820 1819
1800 1801
1801 1802
1802 1803
1803 1804
1804 1805
1805 1806
1806 1807
1807 1808
1808 1809
1809 1810
1810 1811
1811 1812
1812 1813
1813 1814
1814 1815
1815 1816
1816 1817
1817 1818
1818 1819
1821 1822
1821 1849
1822 1823
1849 1848
1823 1824
1824 1825
1825 1826
1826 1827
1827 1828
1828 1829
1829 1830
1830 1831
1831 1832
1832 1833
1833 1834
1834 1835
1835 1836
1836 1837
1837 1838
1838 1839
1839 1840
1840 1841
1841 1842
1842 1843
1843 1844
1844 1845
1845 1846
1846 1847
1847 1848
1850 1851
1850 1863
1851 1852
1863 1862
1852 1853
1853 1854
1854 1855
1855 1856
1856 1857
1857 1858
1858 1859
1859 1860
1860 1861
1861 1862
1864 1865
1864 1892
1865 1866
1892 1891
1866 1867
1867 1868
1868 1869
1869 1870
1870 1871
1871 1872
1872 1873
1873 1874
1874 1875
1875 1876
1876 1877
1877 1878
1878 1879
1879 1880
1880 1881
1881 1882
1882 1883
1883 1884
1884 1885
1885 1886
1886 1887
1887 1888
1888 1889
1889 1890
1890 1891
1893 1894
1893 1896
1894 1895
1896 1895
1897 1898
1897 1926
1898 1899
1926 1925
1899 1900
1900 1901
1901 1902
1902 1903
1903 1904
1904 1905
1905 1906
1906 1907
1907 1908
1908 1909
1909 1910
1910 1911
1911 1912
1912 1913
1913 1914
1914 1915
1915 1916
1916 1917
1917 1918
1918 1919
1919 1920
1920 1921
1921 1922
1922 1923
1923 1924
1924 1925
1927 1928
1927 1956
1928 1929
1956 1955
1929 1930
1930 1931
1931 1932
1932 1933
1933 1934
1934 1935
1935 1936
1936 1937
1937 1938
1938 1939
1939 1940
1940 1941
1941 1942
1942 1943
1943 1944
1944 1945
1945 1946
1946 1947
1947 1948
1948 1949
1949 1950
1950 1951
1951 1952
1952 1953
1953 1954
1954 1955
1957 1958
1957 1975
1958 1959
1975 1974
1959 1960
1960 1961
1961 1962
1962 1963
1963 1964
1964 1965
1965 1966
1966 1967
1967 1968
1968 1969
1969 1970
1970 1971
1971 1972
1972 1973
1973 1974
1976 1977
1976 1978
1977 1978
1978 2811
1979 1980
1979 2004
1980 1981
2004 2003
1981 1982
1982 1983
1983 1984
1984 1985
1985 1986
1986 1987
1987 1988
1988 1989
1989 1990
1990 1991
1991 1992
1992 1993
1993 1994
1994 1995
1995 1996
1996 1997
1997 1998
1998 1999
1999 2000
2000 2001
2001 2002
2002 2003
2005 2006
2005 2029
2006 2007
2029 2028
2007 2008
2008 2009
2009 2010
2010 2011
2011 2012
2012 2013
2013 2014
2014 2015
2015 2016
2016 2017
2017 2018
2018 2019
2019 2020
2020 2021
2021 2022
2022 2023
2023 2024
2024 2025
2025 2026
2026 2027
2027 2028
2030 2031
2030 2048
2031 2032
2048 2047
2032 2033
2033 2034
2034 2035
2035 2036
2036 2037
2037 2038
2038 2039
2039 2040
2040 2041
2041 2042
2042 2043
2043 2044
2044 2045
2045 2046
2046 2047
2049 2050
2049 2074
2050 2051
2074 2073
2051 2052
2052 2053
2053 2054
2054 2055
2055 2056
2056 2057
2057 2058
2058 2059
2059 2060
2060 2061
2061 2062
2062 2063
2063 2064
2064 2065
2065 2066
2066 2067
2067 2068
2068 2069
2069 2070
2069 2551
2070 2071
2071 2072
2072 2073
2075 2076
2075 2086
2076 2077
2086 2085
2077 2078
2078 2079
2079 2080
2080 2081
2081 2082
2082 2083
2083 2084
2084 2085
2087 2088
2087 2112
2088 2089
2112 2111
2089 2090
2090 2091
2091 2092
2092 2093
2093 2094
2094 2095
2095 2096
2096 2097
2097 2098
2098 2099
2099 2100
2100 2101
2101 2102
2102 2103
2103 2104
2104 2105
2105 2106
2106 2107
2107 2108
2108 2109
2109 2110
2110 2111
2113 2114
2113 2116
2114 2115
2116 2115
2117 2118
2117 2119
2118 2119
2120 2121
2120 2141
2121 2122
2141 2140
2122 2123
2123 2124
2124 2125
2125 2126
2126 2127
2127 2128
2128 2129
2129 2130
2130 2131
2131 2132
2132 2133
2133 2134
2134 2135
2135 2136
2136 2137
2137 2138
2138 2139
2139 2140
2142 2143
2142 2163
2143 2144
2163 2162
2144 2145
2145 2146
2146 2147
2147 2148
2148 2149
2149 2150
2150 2151
2151 2152
2152 2153
2153 2154
2154 2155
2155 2156
2156 2157
2157 2158
2158 2159
2159 2160
2160 2161
2161 2162
2164 2165
2164 2168
2165 2166
2168 2167
2166 2167
2169 2170
2169 2189
2170 2171
2170 2883
2189 2188
2171 2172
2172 2173
2173 2174
2174 2175
2175 2176
2176 2177
2177 2178
2178 2179
2179 2180
2180 2181
2181 2182
2182 2183
2183 2184
2184 2185
2185 2186
2186 2187
2187 2188
2190 2191
2190 2209
2191 2192
2209 2208
2192 2193
2193 2194
2194 2195
2195 2196
2196 2197
2197 2198
2198 2199
2199 2200
2200 2201
2201 2202
2202 2203
2203 2204
2204 2205
2205 2206
2206 2207
2207 2208
2210 2211
2210 2236
2211 2212
2236 2235
2236 3219
2212 2213
2213 2214
2214 2215
2215 2216
2216 2217
2217 2218
2218 2219
2219 2220
2220 2221
2221 2222
2222 2223
2223 2224
2224 2225
2225 2226
2226 2227
2227 2228
2228 2229
2229 2230
2230 2231
2231 2232
2232 2233
2233 2234
2234 2235
2237 2238
2237 2249
2238 2239
2249 2248
2239 2240
2240 2241
2241 2242
2242 2243
2243 2244
2244 2245
2245 2246
2246 2247
2247 2248
2250 2251
2250 2264
2250 3222
2251 2252
2264 2263
2252 2253
2253 2254
2254 2255
2255 2256
2256 2257
2257 2258
2258 2259
2259 2260
2260 2261
2261 2262
2262 2263
2265 2266
2265 2294
2266 2267
2294 2293
2267 2268
2268 2269
2269 2270
2270 2271
2271 2272
2272 2273
2273 2274
2274 2275
2275 2276
2276 2277
2277 2278
2278 2279
2279 2280
2280 2281
2281 2282
2282 2283
2283 2284
2284 2285
2285 2286
2286 2287
2287 2288
2288 2289
2289 2290
2290 2291
2291 2292
2292 2293
2295 2296
2297 2298
2297 2303
2298 2299
2303 2302
2299 2300
2300 2301
2301 2302
2304 2305
2304 2314
2305 2306
2314 2313
2306 2307
2307 2308
2308 2309
2309 2310
2310 2311
2311 2312
2312 2313
2315 2316
2315 2319
2316 2317
2316 2944
2319 2318
2317 2318
2320 2321
2320 2341
2321 2322
2341 2340
2322 2323
2323 2324
2324 2325
2325 2326
2326 2327
2327 2328
2328 2329
2329 2330
2330 2331
2331 2332
2332 2333
2333 2334
2334 2335
2335 2336
2336 2337
2337 2338
2338 2339
2339 2340
2342 2343
2343 2698
2344 2345
2344 2372
2345 2346
2372 2371
2346 2347
2347 2348
2348 2349
2349 2350
2350 2351
2351 2352
2352 2353
2353 2354
2354 2355
2355 2356
2356 2357
2357 2358
2358 2359
2359 2360
2360 2361
2361 2362
2362 2363
2363 2364
2364 2365
2365 2366
2366 2367
2367 2368
2368 2369
2369 2370
2370 2371
2373 2374
2373 2394
2374 2375
2394 2393
2375 2376
2376 2377
2377 2378
2378 2379
2379 2380
2380 2381
2381 2382
2382 2383
2383 2384
2384 2385
2385 2386
2386 2387
2387 2388
2388 2389
2389 2390
2390 2391
2391 2392
2392 2393
2393 3409
2395 2396
2395 2399
2396 2397
2399 2398
2397 2398
2400 2401
2400 2409
2401 2402
2409 2408
2402 2403
2403 2404
2404 2405
2405 2406
2406 2407
2407 2408
2410 2411
2410 2423
2411 2412
2423 2422
2412 2413
2413 2414
2414 2415
2415 2416
2416 2417
2417 2418
2418 2419
2419 2420
2420 2421
2421 2422
2424 2425
2424 2437
2425 2426
2437 2436
2426 2427
2427 2428
2428 2429
2429 2430
2430 2431
2431 2432
2432 2433
2433 2434
2434 2435
2435 2436
2438 2439
2438 2458
2439 2440
2458 2457
2440 2441
2441 2442
2442 2443
2443 2444
2444 2445
2445 2446
2446 2447
2447 2448
2448 2449
2449 2450
2450 2451
2451 2452
2452 2453
2453 2454
2454 2455
2455 2456
2456 2457
2459 2460
2459 2482
2460 2461
2482 2481
2461 2462
2462 2463
2463 2464
2464 2465
2465 2466
2466 2467
2467 2468
2468 2469
2469 2470
2470 2471
2471 2472
2472 2473
2473 2474
2474 2475
2475 2476
2476 2477
2477 2478
2478 2479
2479 2480
2480 2481
2483 2484
2483 2487
2484 2485
2487 2486
2485 2486
2488 2489
2488 2506
2489 2490
2506 2505
2490 2491
2491 2492
2492 2493
2493 2494
2494 2495
2495 2496
2496 2497
2496 3192
2497 2498
2498 2499
2499 2500
2500 2501
2501 2502
2502 2503
2503 2504
2504 2505
2507 2508
2507 2519
2508 2509
2519 2518
2509 2510
2510 2511
2511 2512
2512 2513
2513 2514
2514 2515
2515 2516
2516 2517
2517 2518
2520 2521
2520 2535
2521 2522
2535 2534
2522 2523
2523 2524
2524 2525
2525 2526
2526 2527
2527 2528
2528 2529
2529 2530
2530 2531
2531 2532
2532 2533
2533 2534
2536 2537
2536 2548
2537 2538
2548 2547
2538 2539
2539 2540
2540 2541
2541 2542
2542 2543
2543 2544
2544 2545
2545 2546
2546 2547
2549 2550
2549 2566
2550 2551
2566 2565
2551 2552
2552 2553
2553 2554
2554 2555
2555 2556
2556 2557
2557 2558
2558 2559
2559 2560
2560 2561
2561 2562
2562 2563
2563 2564
2564 2565
2567 2568
2567 2594
2568 2569
2594 2593
2569 2570
2570 2571
2571 2572
2572 2573
2573 2574
2574 2575
2575 2576
2576 2577
2577 2578
2578 2579
2579 2580
2580 2581
2581 2582
2582 2583
2583 2584
2584 2585
2585 2586
2586 2587
2587 2588
2588 2589
2589 2590
2590 2591
2591 2592
2592 2593
2595 2596
2595 2609
2596 2597
2609 2608
2597 2598
2598 2599
2599 2600
2600 2601
2601 2602
2602 2603
2603 2604
2604 2605
2605 2606
2606 2607
2607 2608
2610 2611
2610 2621
2611 2612
2621 2620
2612 2613
2613 2614
2614 2615
2615 2616
2616 2617
2617 2618
2618 2619
2619 2620
2622 2623
2622 2649
2623 2624
2649 2648
2624 2625
2625 2626
2626 2627
2627 2628
2628 2629
2629 2630
2630 2631
2631 2632
2632 2633
2633 2634
2634 2635
2635 2636
2636 2637
2637 2638
2638 2639
2639 2640
2640 2641
2641 2642
2642 2643
2643 2644
2644 2645
2645 2646
2646 2647
2647 2648
2650 2651
2650 2679
2651 2652
2651 3071
2679 2678
2652 2653
2653 2654
2654 2655
2655 2656
2656 2657
2657 2658
2658 2659
2659 2660
2660 2661
2661 2662
2662 2663
2663 2664
2664 2665
2665 2666
2666 2667
2667 2668
2668 2669
2669 2670
2670 2671
2671 2672
2672 2673
2673 2674
2674 2675
2675 2676
2676 2677
2677 2678
2680 2681
2680 2697
2681 2682
2697 2696
2682 2683
2683 2684
2684 2685
2685 2686
2686 2687
2687 2688
2688 2689
2689 2690
2690 2691
2691 2692
2692 2693
2693 2694
2694 2695
2695 2696
2698 2699
2698 2713
2699 2700
2713 2712
2700 2701
2701 2702
2702 2703
2703 2704
2704 2705
2705 2706
2706 2707
2707 2708
2708 2709
2709 2710
2710 2711
2711 2712
2714 2715
2714 2741
2715 2716
2741 2740
2716 2717
2717 2718
2718 2719
2719 2720
2720 2721
2721 2722
2722 2723
2723 2724
2724 2725
2725 2726
2726 2727
2727 2728
2728 2729
2729 2730
2730 2731
2731 2732
2732 2733
2733 2734
2734 2735
2735 2736
2736 2737
2737 2738
2738 2739
2739 2740
2742 2743
2742 2764
2743 2744
2764 2763
2744 2745
2745 2746
2746 2747
2747 2748
2748 2749
2749 2750
2750 2751
2751 2752
2752 2753
2753 2754
2754 2755
2755 2756
2756 2757
2757 2758
2758 2759
2759 2760
2760 2761
2761 2762
2762 2763
2765 2766
2765 2780
2766 2767
2780 2779
2767 2768
2768 2769
2769 2770
2770 2771
2771 2772
2772 2773
2773 2774
2774 2775
2775 2776
2776 2777
2777 2778
2778 2779
2781 2782
2781 2783
2782 2783
2784 2785
2784 2806
2785 2786
2806 2805
2786 2787
2787 2788
2788 2789
2789 2790
2790 2791
2791 2792
2792 2793
2793 2794
2794 2795
2795 2796
2796 2797
2797 2798
2798 2799
2799 2800
2800 2801
2801 2802
2802 2803
2803 2804
2804 2805
2807 2808
2807 2820
2808 2809
2820 2819
2809 2810
2810 2811
2811 2812
2812 2813
2813 2814
2814 2815
2815 2816
2816 2817
2817 2818
2818 2819
2821 2822
2821 2835
2822 2823
2835 2834
2823 2824
2824 2825
2825 2826
2826 2827
2827 2828
2828 2829
2829 2830
2830 2831
2831 2832
2832 2833
2833 2834
2834 3013
2836 2837
2836 2856
2837 2838
2856 2855
2838 2839
2839 2840
2840 2841
2841 2842
2842 2843
2843 2844
2844 2845
2845 2846
2846 2847
2847 2848
2848 2849
2849 2850
2850 2851
2851 2852
2852 2853
2853 2854
2854 2855
2857 2858
2857 2886
2858 2859
2886 2885
2859 2860
2860 2861
2861 2862
2862 2863
2863 2864
2864 2865
2865 2866
2866 2867
2867 2868
2868 2869
2869 2870
2870 2871
2871 2872
2872 2873
2873 2874
2874 2875
2875 2876
2876 2877
2877 2878
2878 2879
2879 2880
2880 2881
2881 2882
2882 2883
2883 2884
2884 2885
2887 2888
2887 2897
2888 2889
2897 2896
2889 2890
2890 2891
2891 2892
2892 2893
2893 2894
2894 2895
2895 2896
2898 2899
2898 2920
2899 2900
2920 2919
2900 2901
2901 2902
2902 2903
2903 2904
2904 2905
2905 2906
2906 2907
2907 2908
2908 2909
2909 2910
2910 2911
2911 2912
2912 2913
2913 2914
2914 2915
2915 2916
2916 2917
2917 2918
2918 2919
2921 2922
2921 2937
2922 2923
2937 2936
2923 2924
2924 2925
2925 2926
2926 2927
2926 3385
2927 2928
2928 2929
2929 2930
2930 2931
2931 2932
2932 2933
2933 2934
2934 2935
2935 2936
2938 2939
2938 2945
2939 2940
2945 2944
2940 2941
2941 2942
2942 2943
2943 2944
2946 2947
2946 2950
2947 2948
2950 2949
2948 2949
2951 2952
2951 2964
2952 2953
2964 2963
2953 2954
2954 2955
2955 2956
2956 2957
2957 2958
2958 2959
2959 2960
2960 2961
2961 2962
2962 2963
2965 2966
2965 2970
2966 2967
2970 2969
2967 2968
2968 2969
2971 2972
2971 3000
2972 2973
3000 2999
2973 2974
2974 2975
2975 2976
2976 2977
2977 2978
2978 2979
2979 2980
2980 2981
2981 2982
2982 2983
2983 2984
2984 2985
2985 2986
2986 2987
2987 2988
2988 2989
2989 2990
2990 2991
2991 2992
2992 2993
2992 3123
2993 2994
2994 2995
2995 2996
2996 2997
2997 2998
2998 2999
3001 3002
3001 3019
3002 3003
3019 3018
3003 3004
3004 3005
3005 3006
3006 3007
3007 3008
3008 3009
3009 3010
3010 3011
3011 3012
3012 3013
3013 3014
3014 3015
3015 3016
3016 3017
3017 3018
3020 3021
3020 3028
3021 3022
3028 3027
3022 3023
3023 3024
3023 3050
3024 3025
3025 3026
3026 3027
3029 3030
3029 3047
3030 3031
3047 3046
3031 3032
3032 3033
3033 3034
3034 3035
3035 3036
3036 3037
3037 3038
3038 3039
3039 3040
3040 3041
3041 3042
3042 3043
3043 3044
3044 3045
3045 3046
3046 3108
3048 3049
3050 3051
3050 3058
3050 3417
3051 3052
3058 3057
3052 3053
3053 3054
3054 3055
3055 3056
3056 3057
3059 3060
3061 3062
3061 3066
3062 3063
3066 3065
3063 3064
3064 3065
3067 3068
3067 3070
3068 3069
3070 3069
3071 3072
3073 3074
3073 3092
3074 3075
3092 3091
3075 3076
3076 3077
3077 3078
3078 3079
3079 3080
3080 3081
3081 3082
3082 3083
3083 3084
3084 3085
3085 3086
3086 3087
3087 3088
3088 3089
3089 3090
3090 3091
3093 3094
3093 3107
3094 3095
3107 3106
3095 3096
3096 3097
3097 3098
3098 3099
3099 3100
3100 3101
3101 3102
3102 3103
3103 3104
3104 3105
3105 3106
3108 3109
3108 3110
3109 3110
3111 3112
3111 3120
3112 3113
3120 3119
3113 3114
3114 3115
3115 3116
3116 3117
3117 3118
3118 3119
3121 3122
3121 3141
3122 3123
3141 3140
3123 3124
3124 3125
3125 3126
3126 3127
3127 3128
3128 3129
3129 3130
3130 3131
3131 3132
3132 3133
3133 3134
3134 3135
3135 3136
3136 3137
3137 3138
3138 3139
3139 3140
3142 3143
3142 3155
3143 3144
3155 3154
3144 3145
3145 3146
3146 3147
3147 3148
3148 3149
3149 3150
3150 3151
3151 3152
3152 3153
3153 3154
3156 3157
3156 3164
3157 3158
3164 3163
3158 3159
3159 3160
3160 3161
3161 3162
3162 3163
3165 3166
3165 3186
3166 3167
3186 3185
3167 3168
3168 3169
3169 3170
3170 3171
3171 3172
3172 3173
3173 3174
3174 3175
3175 3176
3176 3177
3177 3178
3178 3179
3179 3180
3180 3181
3181 3182
3182 3183
3183 3184
3184 3185
3187 3188
3187 3189
3188 3189
3190 3191
3190 3193
3191 3192
3193 3192
3194 3195
3194 3215
3195 3196
3215 3214
3196 3197
3197 3198
3198 3199
3199 3200
3200 3201
3201 3202
3202 3203
3203 3204
3204 3205
3205 3206
3206 3207
3207 3208
3208 3209
3209 3210
3210 3211
3211 3212
3212 3213
3213 3214
3216 3217
3216 3218
3217 3218
3219 3220
3219 3221
3220 3221
3222 3223
3222 3228
3223 3224
3228 3227
3224 3225
3225 3226
3226 3227
3229 3230
3229 3254
3230 3231
3254 3253
3231 3232
3232 3233
3233 3234
3234 3235
3235 3236
3236 3237
3237 3238
3238 3239
3239 3240
3240 3241
3241 3242
3242 3243
3243 3244
3244 3245
3245 3246
3246 3247
3247 3248
3248 3249
3249 3250
3250 3251
3251 3252
3252 3253
3255 3256
3255 3264
3256 3257
3264 3263
3257 3258
3258 3259
3259 3260
3260 3261
3261 3262
3262 3263
3265 3266
3265 3278
3266 3267
3278 3277
3267 3268
3268 3269
3269 3270
3270 3271
3271 3272
3272 3273
3273 3274
3274 3275
3275 3276
3276 3277
3279 3280
3279 3291
3280 3281
3291 3290
3281 3282
3282 3283
3283 3284
3284 3285
3285 3286
3286 3287
3287 3288
3288 3289
3289 3290
3292 3293
3292 3304
3293 3294
3304 3303
3294 3295
3295 3296
3296 3297
3297 3298
3298 3299
3299 3300
3300 3301
3301 3302
3302 3303
3305 3306
3305 3316
3306 3307
3316 3315
3307 3308
3308 3309
3309 3310
3310 3311
3311 3312
3312 3313
3313 3314
3314 3315
3317 3318
3317 3324
3318 3319
3324 3323
3319 3320
3320 3321
3321 3322
3322 3323
3325 3326
3325 3352
3326 3327
3352 3351
3327 3328
3328 3329
3329 3330
3330 3331
3331 3332
3332 3333
3333 3334
3334 3335
3335 3336
3336 3337
3337 3338
3338 3339
3339 3340
3340 3341
3341 3342
3342 3343
3343 3344
3344 3345
3345 3346
3346 3347
3347 3348
3348 3349
3349 3350
3350 3351
3353 3354
3353 3382
3354 3355
3382 3381
3355 3356
3356 3357
3357 3358
3358 3359
3359 3360
3360 3361
3361 3362
3362 3363
3363 3364
3364 3365
3365 3366
3366 3367
3367 3368
3368 3369
3369 3370
3370 3371
3371 3372
3372 3373
3373 3374
3374 3375
3375 3376
3376 3377
3377 3378
3378 3379
3379 3380
3380 3381
3383 3384
3383 3392
3384 3385
3392 3391
3385 3386
3386 3387
3387 3388
3388 3389
3389 3390
3390 3391
3393 3394
3393 3396
3394 3395
3396 3395
3397 3398
3397 3414
3398 3399
3414 3413
3399 3400
3400 3401
3401 3402
3402 3403
3403 3404
3404 3405
3405 3406
3406 3407
3407 3408
3408 3409
3409 3410
3410 3411
3411 3412
3412 3413
3415 3416
3415 3428
3416 3417
3428 3427
3417 3418
3418 3419
3419 3420
3420 3421
3421 3422
3422 3423
3423 3424
3424 3425
3425 3426
3426 3427
3429 3430
3429 3436
3430 3431
3436 3435
3431 3432
3432 3433
3433 3434
3434 3435
