2 117
2 758
3 2067
4 254
4 2028
6 70
6 374
7 130
9 1369
9 1592
10 183
12 407
13 353
15 482
16 410
16 1916
16 1919
17 430
17 388
19 430
20 378
21 713
21 1171
22 1267
25 472
26 44
26 461
27 84
27 1072
28 74
28 469
29 131
29 1513
30 76
30 432
34 1980
37 1904
38 744
40 345
40 368
40 1012
41 307
41 1613
43 332
45 251
45 1254
46 306
46 179
46 1784
47 159
47 827
48 154
48 151
50 57
51 190
53 656
54 86
54 1129
55 236
55 195
55 1641
57 75
57 1863
58 352
58 1039
59 444
60 269
60 1246
62 1969
63 278
64 111
64 67
65 1703
66 419
66 214
66 667
67 381
67 322
68 477
68 495
68 1798
69 127
71 105
71 316
73 110
74 369
74 1840
75 324
75 409
76 320
76 190
77 208
78 143
79 1412
80 305
80 631
80 1095
81 300
81 1566
81 1989
83 469
84 119
84 165
84 476
85 122
85 271
85 101
86 393
86 499
87 315
87 1442
88 431
88 445
89 444
90 220
90 644
90 1293
91 411
91 440
91 297
92 258
92 332
92 479
92 247
92 1660
92 1815
94 161
94 246
95 392
96 199
98 390
99 247
99 280
101 127
101 490
101 495
102 1295
103 1424
108 316
109 938
110 118
110 491
112 473
112 388
113 662
115 252
115 712
115 2182
116 446
121 359
121 367
121 1503
123 2131
124 160
125 270
125 1186
127 1150
128 268
128 444
128 1323
128 1648
129 276
130 448
131 499
133 320
135 170
135 248
135 394
136 1417
137 495
138 368
138 1757
139 251
139 263
141 473
141 1541
142 487
142 438
143 342
143 427
144 464
144 1011
145 353
146 1564
147 237
147 1714
150 387
150 297
150 490
150 1528
151 298
151 279
152 160
152 1730
153 1091
154 169
154 215
154 491
156 205
156 432
156 1201
156 2100
157 196
158 349
158 247
158 2097
159 1811
161 2236
163 1604
164 1334
169 587
171 375
171 459
171 2042
172 2097
173 201
173 414
173 262
173 486
176 282
176 304
176 329
176 377
177 1712
178 182
178 736
179 451
179 420
179 548
179 1905
180 492
180 419
182 423
182 1292
183 228
183 432
185 312
185 428
185 479
187 246
187 192
189 275
189 239
190 222
191 462
191 280
191 493
192 288
192 219
195 305
195 664
196 308
197 300
199 347
200 1468
204 419
206 229
206 461
206 656
207 357
207 485
207 487
208 246
214 243
214 1351
215 605
215 1250
215 1267
217 705
218 360
219 2180
222 1708
224 2213
225 300
225 319
226 1728
230 455
230 499
232 390
232 491
232 851
233 365
233 1263
236 278
236 291
237 449
239 954
242 280
242 1397
244 490
244 969
244 1851
245 403
245 499
245 985
248 427
249 352
249 739
250 2074
252 372
252 1004
253 430
256 331
256 1716
257 422
257 1605
259 319
260 1463
262 284
262 310
262 279
263 1857
264 467
264 340
268 287
271 460
271 2003
273 307
273 472
274 419
275 328
276 314
276 956
277 482
279 334
280 425
280 1856
283 471
283 396
285 1075
288 374
288 496
288 1065
288 1241
289 498
289 469
290 738
292 301
293 383
293 1686
295 1293
297 466
297 486
299 1421
300 355
301 2188
302 1436
302 1495
304 1469
305 585
308 667
309 1215
312 316
314 469
314 1586
315 399
319 470
319 332
320 346
321 479
321 525
322 448
322 1642
323 474
323 367
325 1219
328 493
329 734
330 359
331 344
332 1229
336 733
338 457
338 661
339 429
339 1945
339 1963
340 479
342 360
344 1288
347 369
347 1276
348 352
350 1668
352 454
352 425
353 394
353 1523
355 426
356 747
356 1626
360 1378
361 379
363 423
367 462
368 1668
368 1984
370 1767
374 379
376 429
377 2231
378 667
379 887
383 403
383 943
384 1109
388 1809
389 959
391 472
392 1825
395 845
396 407
396 536
396 760
396 1036
398 540
399 479
399 689
401 726
403 591
404 736
405 981
406 655
407 1040
410 809
420 457
420 1865
424 450
424 1357
428 461
430 1595
431 453
433 1385
434 1458
435 554
436 441
436 1398
436 1827
438 1350
439 1216
440 2212
444 517
444 2116
445 1037
446 2124
446 2159
447 737
448 1072
452 472
457 1081
457 1366
458 2105
459 2284
463 1852
465 2159
470 2068
472 1776
478 680
479 1486
482 873
482 1963
483 665
486 1726
486 1751
491 805
492 1882
495 726
500 501
500 523
501 502
523 522
502 503
503 504
504 505
505 506
506 507
507 508
508 509
509 510
510 511
511 512
512 513
513 514
514 515
515 516
516 517
517 518
518 519
519 520
520 521
521 522
524 525
526 527
526 530
527 528
530 529
530 2116
528 529
531 532
531 537
532 533
537 536
533 534
534 535
535 536
538 539
538 541
538 2157
539 540
539 1441
541 540
542 543
542 562
543 544
562 561
544 545
545 546
546 547
547 548
548 549
549 550
550 551
551 552
552 553
553 554
554 555
554 2205
555 556
556 557
557 558
558 559
559 560
560 561
563 564
563 582
564 565
582 581
565 566
566 567
567 568
568 569
569 570
570 571
571 572
572 573
573 574
574 575
575 576
576 577
576 1884
577 578
578 579
579 580
580 581
583 584
583 585
583 776
584 585
586 587
586 588
587 588
589 590
589 602
590 591
602 601
591 592
592 593
593 594
594 595
595 596
596 597
597 598
598 599
599 600
600 601
603 604
603 626
604 605
626 625
605 606
606 607
607 608
608 609
609 610
610 611
611 612
612 613
613 614
614 615
615 616
616 617
617 618
618 619
619 620
620 621
621 622
622 623
623 624
624 625
627 628
627 643
628 629
643 642
629 630
630 631
631 632
632 633
633 634
634 635
635 636
636 637
637 638
638 639
639 640
640 641
641 642
644 645
644 651
645 646
651 650
646 647
647 648
648 649
649 650
652 653
652 659
653 654
659 658
654 655
655 656
656 657
657 658
660 661
660 665
661 662
665 664
662 663
663 664
666 667
666 668
667 668
669 670
669 686
670 671
686 685
671 672
672 673
673 674
674 675
675 676
676 677
677 678
678 679
679 680
679 731
680 681
681 682
682 683
683 684
684 685
687 688
687 704
688 689
704 703
689 690
690 691
691 692
692 693
693 694
694 695
695 696
696 697
697 698
698 699
699 700
700 701
701 702
702 703
705 706
705 721
706 707
721 720
707 708
708 709
709 710
710 711
711 712
712 713
713 714
714 715
715 716
716 717
717 718
718 719
719 720
722 723
722 733
723 724
733 732
724 725
725 726
726 727
727 728
728 729
729 730
730 731
731 732
734 735
734 737
735 736
737 736
738 739
738 746
739 740
746 745
740 741
741 742
742 743
743 744
744 745
747 748
747 749
748 749
750 751
750 770
751 752
770 769
752 753
753 754
754 755
755 756
756 757
757 758
758 759
759 760
760 761
761 762
762 763
763 764
764 765
765 766
766 767
767 768
768 769
771 772
771 775
772 773
772 1504
775 774
773 774
776 777
776 797
777 778
797 796
778 779
779 780
780 781
781 782
782 783
783 784
784 785
785 786
786 787
787 788
788 789
789 790
790 791
791 792
792 793
793 794
794 795
795 796
798 799
798 818
799 800
818 817
800 801
801 802
802 803
803 804
804 805
805 806
806 807
807 808
808 809
809 810
810 811
811 812
812 813
813 814
814 815
815 816
816 817
819 820
819 832
820 821
832 831
821 822
822 823
823 824
824 825
825 826
826 827
827 828
828 829
829 830
830 831
833 834
833 851
834 835
851 850
835 836
836 837
837 838
838 839
839 840
840 841
841 842
842 843
843 844
844 845
845 846
846 847
847 848
848 849
849 850
852 853
852 873
853 854
873 872
854 855
855 856
856 857
857 858
858 859
859 860
860 861
861 862
862 863
863 864
864 865
865 866
866 867
867 868
868 869
869 870
870 871
871 872
874 875
874 893
875 876
893 892
876 877
877 878
878 879
879 880
880 881
881 882
882 883
883 884
884 885
885 886
886 887
887 888
888 889
889 890
890 891
891 892
894 895
894 915
895 896
915 914
896 897
897 898
898 899
899 900
900 901
901 902
902 903
903 904
904 905
905 906
906 907
907 908
908 909
909 910
909 1412
910 911
911 912
912 913
913 914
914 1328
916 917
916 936
917 918
936 935
918 919
919 920
920 921
921 922
922 923
922 2021
923 924
924 925
925 926
926 927
927 928
928 929
929 930
930 931
931 932
932 933
933 934
933 1471
934 935
937 938
937 952
938 939
952 951
939 940
940 941
941 942
942 943
943 944
944 945
945 946
946 947
947 948
948 949
949 950
950 951
953 954
953 963
954 955
954 1642
963 962
955 956
956 957
957 958
958 959
959 960
959 2046
960 961
961 962
964 965
964 980
965 966
965 1301
980 979
966 967
967 968
968 969
969 970
970 971
971 972
972 973
973 974
974 975
975 976
976 977
977 978
978 979
981 982
981 1005
982 983
1005 1004
983 984
984 985
985 986
986 987
987 988
988 989
989 990
990 991
991 992
992 993
993 994
994 995
995 996
996 997
997 998
998 999
999 1000
1000 1001
1001 1002
1002 1003
1003 1004
1006 1007
1006 1012
1007 1008
1012 1011
1008 1009
1009 1010
1010 1011
1013 1014
1013 1035
1014 1015
1035 1034
1015 1016
1016 1017
1017 1018
1018 1019
1019 1020
1020 1021
1021 1022
1022 1023
1023 1024
1024 1025
1025 1026
1025 2089
1026 1027
1027 1028
1028 1029
1029 1030
1030 1031
1031 1032
1032 1033
1033 1034
1036 1037
1036 1039
1037 1038
1039 1038
1039 2091
1040 1041
1040 1062
1041 1042
1062 1061
1042 1043
1043 1044
1044 1045
1045 1046
1046 1047
1047 1048
1048 1049
1049 1050
1050 1051
1051 1052
1052 1053
1053 1054
1054 1055
1054 2263
1055 1056
1056 1057
1057 1058
1058 1059
1059 1060
1060 1061
1063 1064
1063 1073
1064 1065
1073 1072
1065 1066
1066 1067
1067 1068
1068 1069
1069 1070
1070 1071
1071 1072
1074 1075
1074 1087
1075 1076
1087 1086
1076 1077
1077 1078
1078 1079
1079 1080
1080 1081
1081 1082
1082 1083
1083 1084
1084 1085
1085 1086
1086 1149
1088 1089
1088 1104
1089 1090
1104 1103
1090 1091
1091 1092
1092 1093
1093 1094
1094 1095
1095 1096
1096 1097
1097 1098
1098 1099
1099 1100
1099 2131
1100 1101
1101 1102
1102 1103
1105 1106
1105 1131
1106 1107
1131 1130
1107 1108
1108 1109
1109 1110
1110 1111
1111 1112
1112 1113
1113 1114
1114 1115
1115 1116
1116 1117
1117 1118
1118 1119
1119 1120
1120 1121
1121 1122
1122 1123
1123 1124
1124 1125
1125 1126
1126 1127
1127 1128
1128 1129
1129 1130
1132 1133
1132 1149
1133 1134
1149 1148
1134 1135
1135 1136
1136 1137
1137 1138
1138 1139
1139 1140
1140 1141
1141 1142
1142 1143
1143 1144
1144 1145
1145 1146
1146 1147
1147 1148
1150 1151
1150 1165
1151 1152
1165 1164
1152 1153
1153 1154
1154 1155
1155 1156
1156 1157
1157 1158
1158 1159
1159 1160
1160 1161
1161 1162
1162 1163
1163 1164
1166 1167
1166 1189
1167 1168
1189 1188
1168 1169
1169 1170
1170 1171
1171 1172
1172 1173
1173 1174
1174 1175
1175 1176
1176 1177
1177 1178
1178 1179
1179 1180
1180 1181
1181 1182
1182 1183
1183 1184
1184 1185
1185 1186
1186 1187
1187 1188
1190 1191
1190 1212
1191 1192
1212 1211
1192 1193
1193 1194
1194 1195
1195 1196
1196 1197
1197 1198
1198 1199
1199 1200
1200 1201
1201 1202
1202 1203
1203 1204
1204 1205
1205 1206
1206 1207
1207 1208
1208 1209
1209 1210
1210 1211
1213 1214
1213 1239
1214 1215
1239 1238
1215 1216
1216 1217
1217 1218
1218 1219
1219 1220
1220 1221
1221 1222
1222 1223
1223 1224
1224 1225
1225 1226
1226 1227
1227 1228
1228 1229
1229 1230
1230 1231
1231 1232
1232 1233
1233 1234
1234 1235
1235 1236
1236 1237
1237 1238
1240 1241
1240 1245
1241 1242
1241 1350
1245 1244
1242 1243
1243 1244
1246 1247
1246 1251
1247 1248
1251 1250
1248 1249
1249 1250
1252 1253
1252 1256
1253 1254
1256 1255
1254 1255
1257 1258
1257 1269
1258 1259
1269 1268
1259 1260
1260 1261
1261 1262
1262 1263
1263 1264
1264 1265
1265 1266
1266 1267
1267 1268
1270 1271
1270 1280
1271 1272
1280 1279
1272 1273
1273 1274
1274 1275
1275 1276
1276 1277
1277 1278
1278 1279
1281 1282
1281 1296
1282 1283
1296 1295
1283 1284
1284 1285
1285 1286
1286 1287
1287 1288
1288 1289
1289 1290
1290 1291
1291 1292
1292 1293
1293 1294
1294 1295
1297 1298
1297 1322
1298 1299
1322 1321
1299 1300
1300 1301
1301 1302
1302 1303
1303 1304
1304 1305
1305 1306
1306 1307
1307 1308
1308 1309
1309 1310
1310 1311
1311 1312
1312 1313
1313 1314
1314 1315
1315 1316
1316 1317
1317 1318
1318 1319
1319 1320
1320 1321
1323 1324
1325 1326
1325 1349
1326 1327
1349 1348
1327 1328
1328 1329
1329 1330
1330 1331
1331 1332
1332 1333
1333 1334
1334 1335
1335 1336
1336 1337
1337 1338
1338 1339
1339 1340
1340 1341
1341 1342
1342 1343
1343 1344
1344 1345
1345 1346
1346 1347
1347 1348
1348 1906
1350 1351
1350 1357
1351 1352
1357 1356
1352 1353
1353 1354
1354 1355
1355 1356
1358 1359
1358 1366
1359 1360
1366 1365
1360 1361
1361 1362
1362 1363
1363 1364
1364 1365
1367 1368
1367 1370
1368 1369
1370 1369
1371 1372
1371 1392
1372 1373
1392 1391
1373 1374
1374 1375
1375 1376
1376 1377
1377 1378
1378 1379
1379 1380
1380 1381
1381 1382
1382 1383
1383 1384
1384 1385
1385 1386
1386 1387
1387 1388
1388 1389
1389 1390
1390 1391
1393 1394
1393 1402
1394 1395
1402 1401
1395 1396
1396 1397
1397 1398
1398 1399
1399 1400
1400 1401
1403 1404
1403 1420
1404 1405
1420 1419
1405 1406
1406 1407
1407 1408
1408 1409
1409 1410
1410 1411
1411 1412
1412 1413
1413 1414
1414 1415
1415 1416
1416 1417
1417 1418
1418 1419
1421 1422
1421 1423
1421 1464
1422 1423
1422 2229
1423 1585
1424 1425
1424 1440
1425 1426
1440 1439
1426 1427
1427 1428
1428 1429
1429 1430
1430 1431
1431 1432
1432 1433
1433 1434
1434 1435
1435 1436
1436 1437
1436 1954
1437 1438
1438 1439
1441 1442
1441 1456
1442 1443
1456 1455
1443 1444
1444 1445
1445 1446
1446 1447
1447 1448
1448 1449
1449 1450
1450 1451
1451 1452
1452 1453
1453 1454
1454 1455
1457 1458
1457 1464
1458 1459
1464 1463
1459 1460
1460 1461
1461 1462
1462 1463
1462 2106
1465 1466
1465 1473
1466 1467
1473 1472
1467 1468
1468 1469
1469 1470
1470 1471
1471 1472
1474 1475
1474 1487
1475 1476
1487 1486
1476 1477
1477 1478
1478 1479
1479 1480
1480 1481
1481 1482
1482 1483
1483 1484
1484 1485
1485 1486
1488 1489
1488 1512
1489 1490
1512 1511
1490 1491
1491 1492
1492 1493
1493 1494
1494 1495
1495 1496
1496 1497
1497 1498
1498 1499
1499 1500
1500 1501
1501 1502
1502 1503
1503 1504
1504 1505
1505 1506
1506 1507
1507 1508
1508 1509
1509 1510
1510 1511
1513 1514
1515 1516
1515 1528
1516 1517
1528 1527
1517 1518
1518 1519
1519 1520
1520 1521
1521 1522
1522 1523
1523 1524
1524 1525
1525 1526
1526 1527
1529 1530
1529 1554
1530 1531
1554 1553
1531 1532
1532 1533
1533 1534
1534 1535
1535 1536
1536 1537
1537 1538
1538 1539
1539 1540
1540 1541
1541 1542
1542 1543
1543 1544
1544 1545
1545 1546
1546 1547
1547 1548
1548 1549
1549 1550
1550 1551
1551 1552
1552 1553
1555 1556
1555 1566
1555 1983
1556 1557
1556 1902
1566 1565
1557 1558
1558 1559
1559 1560
1560 1561
1561 1562
1562 1563
1563 1564
1564 1565
1567 1568
1567 1592
1568 1569
1592 1591
1569 1570
1570 1571
1571 1572
1572 1573
1573 1574
1574 1575
1575 1576
1576 1577
1577 1578
1578 1579
1579 1580
1580 1581
1581 1582
1582 1583
1583 1584
1584 1585
1585 1586
1586 1587
1587 1588
1588 1589
1589 1590
1590 1591
1593 1594
1593 1603
1594 1595
1603 1602
1595 1596
1596 1597
1597 1598
1598 1599
1599 1600
1600 1601
1601 1602
1604 1605
1604 1606
1605 1606
1605 2258
1607 1608
1607 1632
1608 1609
1632 1631
1609 1610
1610 1611
1611 1612
1612 1613
1613 1614
1614 1615
1615 1616
1616 1617
1617 1618
1618 1619
1619 1620
1620 1621
1621 1622
1622 1623
1623 1624
1624 1625
1625 1626
1626 1627
1627 1628
1628 1629
1629 1630
1630 1631
1633 1634
1633 1656
1634 1635
1656 1655
1635 1636
1636 1637
1637 1638
1638 1639
1639 1640
1640 1641
1641 1642
1642 1643
1643 1644
1644 1645
1645 1646
1646 1647
1647 1648
1648 1649
1649 1650
1650 1651
1651 1652
1652 1653
1653 1654
1654 1655
1657 1658
1657 1666
1658 1659
1666 1665
1659 1660
1660 1661
1661 1662
1662 1663
1663 1664
1664 1665
1667 1668
1667 1678
1668 1669
1678 1677
1669 1670
1670 1671
1671 1672
1672 1673
1673 1674
1674 1675
1675 1676
1676 1677
1679 1680
1679 1705
1680 1681
1705 1704
1681 1682
1682 1683
1683 1684
1684 1685
1685 1686
1686 1687
1687 1688
1688 1689
1689 1690
1690 1691
1691 1692
1692 1693
1693 1694
1694 1695
1695 1696
1696 1697
1697 1698
1698 1699
1699 1700
1700 1701
1701 1702
1702 1703
1703 1704
1706 1707
1706 1710
1707 1708
1710 1709
1708 1709
1711 1712
1711 1716
1712 1713
1716 1715
1713 1714
1714 1715
1717 1718
1717 1731
1718 1719
1731 1730
1719 1720
1720 1721
1721 1722
1722 1723
1723 1724
1724 1725
1725 1726
1726 1727
1727 1728
1728 1729
1729 1730
1732 1733
1732 1755
1733 1734
1755 1754
1734 1735
1735 1736
1736 1737
1737 1738
1738 1739
1739 1740
1740 1741
1741 1742
1742 1743
1743 1744
1744 1745
1745 1746
1746 1747
1747 1748
1748 1749
1749 1750
1750 1751
1751 1752
1752 1753
1753 1754
1756 1757
1756 1779
1757 1758
1779 1778
1758 1759
1759 1760
1760 1761
1761 1762
1762 1763
1763 1764
1764 1765
1765 1766
1766 1767
1767 1768
1768 1769
1769 1770
1770 1771
1771 1772
1772 1773
1773 1774
1774 1775
1775 1776
1776 1777
1777 1778
1780 1781
1780 1805
1781 1782
1805 1804
1782 1783
1783 1784
1784 1785
1785 1786
1786 1787
1787 1788
1788 1789
1789 1790
1790 1791
1791 1792
1792 1793
1793 1794
1794 1795
1795 1796
1796 1797
1797 1798
1798 1799
1799 1800
1800 1801
1801 1802
1802 1803
1803 1804
1806 1807
1806 1823
1807 1808
1823 1822
1808 1809
1809 1810
1810 1811
1811 1812
1812 1813
1813 1814
1814 1815
1815 1816
1816 1817
1817 1818
1818 1819
1819 1820
1820 1821
1821 1822
1824 1825
1824 1828
1825 1826
1828 1827
1826 1827
1829 1830
1829 1848
1830 1831
1848 1847
1831 1832
1832 1833
1833 1834
1834 1835
1835 1836
1836 1837
1837 1838
1838 1839
1839 1840
1840 1841
1841 1842
1842 1843
1843 1844
1844 1845
1845 1846
1846 1847
1849 1850
1849 1855
1850 1851
1855 1854
1851 1852
1852 1853
1853 1854
1856 1857
1856 1858
1857 1858
1859 1860
1859 1881
1860 1861
1881 1880
1861 1862
1862 1863
1863 1864
1864 1865
1865 1866
1866 1867
1867 1868
1868 1869
1869 1870
1870 1871
1871 1872
1872 1873
1873 1874
1874 1875
1875 1876
1876 1877
1877 1878
1878 1879
1879 1880
1882 1883
1882 1887
1883 1884
1887 1886
1884 1885
1885 1886
1888 1889
1888 1902
1889 1890
1902 1901
1890 1891
1891 1892
1892 1893
1893 1894
1894 1895
1895 1896
1896 1897
1897 1898
1898 1899
1899 1900
1900 1901
1903 1904
1903 1909
1904 1905
1909 1908
1905 1906
1906 1907
1907 1908
1910 1911
1910 1917
1911 1912
1917 1916
1912 1913
1913 1914
1914 1915
1915 1916
1918 1919
1918 1935
1919 1920
1935 1934
1920 1921
1921 1922
1922 1923
1923 1924
1924 1925
1925 1926
1926 1927
1927 1928
1928 1929
1929 1930
1930 1931
1931 1932
1932 1933
1933 1934
1936 1937
1936 1955
1937 1938
1955 1954
1938 1939
1939 1940
1940 1941
1941 1942
1942 1943
1943 1944
1944 1945
1945 1946
1946 1947
1947 1948
1948 1949
1949 1950
1950 1951
1951 1952
1952 1953
1953 1954
1956 1957
1956 1976
1957 1958
1976 1975
1958 1959
1959 1960
1960 1961
1961 1962
1962 1963
1963 1964
1964 1965
1965 1966
1966 1967
1967 1968
1968 1969
1969 1970
1970 1971
1971 1972
1972 1973
1973 1974
1974 1975
1977 1978
1977 1988
1978 1979
1988 1987
1979 1980
1980 1981
1981 1982
1982 1983
1983 1984
1984 1985
1985 1986
1986 1987
1989 1990
1991 1992
1991 2016
1992 1993
2016 2015
1993 1994
1994 1995
1995 1996
1996 1997
1997 1998
1998 1999
1999 2000
2000 2001
2001 2002
2002 2003
2003 2004
2004 2005
2005 2006
2006 2007
2007 2008
2008 2009
2009 2010
2010 2011
2011 2012
2012 2013
2013 2014
2014 2015
2017 2018
2017 2041
2018 2019
2041 2040
2019 2020
2020 2021
2021 2022
2022 2023
2023 2024
2024 2025
2025 2026
2026 2027
2027 2028
2028 2029
2029 2030
2030 2031
2031 2032
2032 2033
2033 2034
2034 2035
2035 2036
2036 2037
2037 2038
2038 2039
2039 2040
2042 2043
2042 2059
2043 2044
2059 2058
2044 2045
2045 2046
2046 2047
2047 2048
2048 2049
2049 2050
2050 2051
2051 2052
2052 2053
2053 2054
2054 2055
2055 2056
2056 2057
2057 2058
2060 2061
2060 2068
2061 2062
2068 2067
2062 2063
2063 2064
2064 2065
2065 2066
2066 2067
2069 2070
2069 2079
2070 2071
2079 2078
2071 2072
2072 2073
2073 2074
2074 2075
2075 2076
2076 2077
2077 2078
2078 2212
2080 2081
2080 2092
2081 2082
2092 2091
2082 2083
2083 2084
2084 2085
2085 2086
2086 2087
2087 2088
2088 2089
2089 2090
2090 2091
2093 2094
2093 2098
2094 2095
2098 2097
2095 2096
2096 2097
2096 2248
2099 2100
2099 2108
2100 2101
2108 2107
2101 2102
2102 2103
2103 2104
2104 2105
2105 2106
2106 2107
2109 2110
2109 2118
2110 2111
2118 2117
2111 2112
2112 2113
2113 2114
2114 2115
2115 2116
2116 2117
2119 2120
2119 2125
2120 2121
2125 2124
2121 2122
2122 2123
2123 2124
2126 2127
2126 2151
2127 2128
2151 2150
2128 2129
2129 2130
2130 2131
2131 2132
2132 2133
2133 2134
2134 2135
2135 2136
2136 2137
2137 2138
2138 2139
2139 2140
2140 2141
2141 2142
2142 2143
2143 2144
2144 2145
2145 2146
2146 2147
2147 2148
2148 2149
2149 2150
2152 2153
2152 2176
2153 2154
2176 2175
2154 2155
2155 2156
2156 2157
2157 2158
2158 2159
2159 2160
2160 2161
2161 2162
2162 2163
2163 2164
2164 2165
2165 2166
2166 2167
2167 2168
2168 2169
2169 2170
2170 2171
2171 2172
2172 2173
2173 2174
2174 2175
2177 2178
2177 2197
2178 2179
2197 2196
2179 2180
2180 2181
2181 2182
2182 2183
2183 2184
2184 2185
2185 2186
2186 2187
2187 2188
2188 2189
2189 2190
2190 2191
2191 2192
2192 2193
2193 2194
2194 2195
2195 2196
2198 2199
2198 2205
2199 2200
2205 2204
2200 2201
2201 2202
2202 2203
2203 2204
2206 2207
2206 2212
2207 2208
2212 2211
2208 2209
2209 2210
2210 2211
2213 2214
2213 2232
2214 2215
2232 2231
2215 2216
2216 2217
2217 2218
2218 2219
2219 2220
2220 2221
2221 2222
2222 2223
2223 2224
2224 2225
2225 2226
2226 2227
2227 2228
2228 2229
2229 2230
2230 2231
2233 2234
2233 2236
2234 2235
2236 2235
2237 2238
2237 2257
2238 2239
2257 2256
2239 2240
2240 2241
2241 2242
2242 2243
2243 2244
2244 2245
2245 2246
2246 2247
2247 2248
2248 2249
2249 2250
2250 2251
2251 2252
2252 2253
2253 2254
2254 2255
2255 2256
2258 2259
2258 2281
2259 2260
2281 2280
2260 2261
2261 2262
2262 2263
2263 2264
2264 2265
2265 2266
2266 2267
2267 2268
2268 2269
2269 2270
2270 2271
2271 2272
2272 2273
2273 2274
2274 2275
2275 2276
2276 2277
2277 2278
2278 2279
2279 2280
2282 2283
2282 2284
2283 2284
