0 713
0 585
0 1991
1 510
1 782
1 5599
2 425
2 67
4 586
4 252
9 3537
12 946
12 1447
13 1085
14 59
15 953
16 1094
16 31
17 510
18 189
18 927
19 252
19 933
21 106
22 321
23 365
23 2406
24 3404
24 6386
27 610
27 983
28 231
30 4355
30 5725
31 432
32 1073
32 5586
34 473
34 3124
35 928
35 538
35 5921
38 268
38 293
38 96
39 960
41 743
41 1069
42 504
43 708
43 609
43 1275
44 935
44 5537
44 5657
45 1020
45 649
48 591
48 441
48 863
49 208
50 514
50 516
51 883
51 4424
53 510
54 648
54 950
56 459
56 57
56 249
57 964
57 130
58 6273
59 2373
60 814
60 4281
61 572
63 747
63 2501
65 278
65 870
65 705
67 304
67 75
67 1339
67 3416
68 880
68 5560
68 5732
69 584
69 130
70 626
70 6761
72 147
74 655
74 832
74 440
75 198
75 4082
75 4819
76 284
77 781
77 180
77 4367
77 5857
78 488
78 789
79 5593
80 841
80 6103
81 604
81 4026
83 270
84 6228
85 468
85 965
86 929
86 122
87 4333
88 428
90 441
91 4678
93 5577
96 875
97 642
99 692
99 904
99 328
99 6753
102 2823
103 498
103 249
103 451
103 4033
106 281
106 727
108 327
108 1555
108 3957
109 308
109 4281
110 498
110 4678
110 5593
112 784
113 918
113 434
114 302
114 752
114 985
114 628
114 1025
115 1185
116 166
116 524
117 573
117 242
119 739
121 849
122 180
123 915
123 3763
124 897
124 927
125 951
125 1028
125 156
125 992
126 4680
127 508
127 1012
128 696
128 460
128 833
129 384
129 761
129 810
129 690
129 1012
129 4458
131 298
132 1066
132 5035
134 2883
136 579
136 958
137 726
137 436
138 5630
139 617
140 694
140 704
140 829
143 3453
144 634
146 727
147 505
147 959
147 480
147 701
147 1004
147 3529
148 626
149 1060
149 5156
151 157
151 780
152 984
153 4662
154 439
154 5399
155 5185
156 676
157 342
157 864
157 3943
159 342
159 2731
159 5324
161 450
161 853
162 985
163 967
164 360
167 946
167 965
168 1558
169 732
170 827
171 237
171 939
171 264
171 4319
176 857
177 5390
177 6477
179 942
179 2481
180 5586
182 372
182 1007
184 1061
184 580
185 770
186 231
186 272
186 801
186 1017
186 6190
187 644
187 2098
188 246
188 909
188 2181
188 3720
188 4448
190 2430
190 5230
192 716
192 1013
192 347
196 555
196 978
197 243
198 836
200 946
201 957
201 796
201 1051
203 705
205 1049
206 976
206 6232
208 1074
209 667
209 676
212 999
212 1426
212 2153
214 753
214 903
215 5516
219 752
220 660
220 812
220 1086
222 605
223 765
223 6319
225 520
225 606
225 1714
226 477
226 649
227 580
227 2276
227 5038
229 886
230 357
230 772
232 1459
233 5221
234 4005
235 518
235 765
237 456
238 742
240 766
240 5239
241 319
241 3276
242 634
242 879
242 682
243 1247
244 696
245 1475
247 489
247 3862
249 592
250 2275
250 3592
251 648
252 727
252 3802
252 5490
253 627
257 5289
259 859
259 1701
259 6323
260 3962
261 304
263 990
264 529
264 728
266 731
266 4934
266 5986
267 313
267 3660
268 794
269 585
269 546
269 763
270 330
272 542
275 1327
275 2171
275 3243
276 6865
277 831
280 4279
281 970
281 362
282 992
282 837
282 934
284 941
284 638
285 962
285 3564
286 433
286 769
289 333
289 928
290 438
290 782
290 595
291 535
291 321
292 636
292 715
292 1009
292 488
293 589
293 905
294 700
294 1795
294 2922
294 6836
295 704
296 512
297 933
298 555
298 1888
298 2137
299 863
305 2957
305 4122
305 5769
306 712
306 838
306 402
307 1010
308 879
309 1035
309 2298
310 684
311 439
311 601
311 3920
311 5236
314 691
314 871
315 847
318 345
319 874
321 4932
322 889
323 763
325 566
325 5931
325 6349
326 5546
326 6202
327 4732
327 6095
328 1090
329 861
330 724
330 587
330 3750
332 2311
334 491
334 986
334 988
334 2734
334 2780
335 346
336 1069
337 928
338 686
338 979
343 999
344 650
345 1172
346 627
346 3938
346 6150
347 840
347 5057
348 561
349 596
351 452
351 889
351 904
353 429
353 921
354 1068
354 939
358 1089
360 6281
361 1022
362 898
364 1082
364 1756
365 4581
366 368
368 1080
368 4400
369 466
369 440
369 810
370 465
370 2274
370 5913
371 479
371 988
372 4486
372 6648
373 3055
374 2217
374 2600
374 6791
375 1055
376 605
376 3183
377 958
377 3258
379 721
379 845
379 460
380 1029
382 739
383 677
383 863
385 923
385 1088
386 728
387 958
387 5165
389 667
389 3190
390 620
390 863
390 3565
391 665
391 2497
392 854
392 5929
393 744
394 575
395 994
396 490
396 447
396 3394
396 6248
397 542
401 696
402 673
402 1881
402 5424
405 667
406 741
406 4686
408 663
408 4950
412 742
412 1005
412 567
413 948
414 3089
414 5033
415 591
416 1024
417 6704
418 487
418 1935
420 1769
421 707
422 1067
422 663
423 1033
423 581
425 4221
427 719
427 989
427 6471
428 716
430 2096
431 684
432 857
433 2970
434 1082
436 6220
437 1061
439 684
441 950
441 1086
442 1084
443 756
443 806
443 6278
446 977
447 1084
451 594
451 861
453 5306
454 861
455 6579
456 6850
457 3579
458 919
458 4132
463 470
463 558
463 1010
464 903
469 786
469 976
471 547
471 2697
473 1080
474 4680
475 1470
480 785
480 2603
483 628
483 3144
484 958
484 2583
485 1005
485 6370
487 861
487 555
488 807
488 1025
489 700
491 3580
492 894
492 6473
493 908
493 4552
496 2118
497 952
498 1772
499 719
500 4809
500 6579
502 598
502 877
502 1493
503 617
503 1069
503 2469
503 5581
503 6625
504 778
508 720
509 953
509 765
509 1322
511 6788
512 830
513 1081
513 938
513 3311
513 5700
514 572
514 536
515 570
516 795
516 2360
517 3594
520 772
520 5068
521 617
522 4884
523 916
523 834
523 4653
524 1049
525 2673
527 720
530 858
531 838
532 3995
532 4079
533 756
534 957
536 6833
537 1019
537 2410
538 4563
541 6190
545 6492
546 2355
547 4914
550 667
551 2539
552 666
556 879
559 596
561 982
563 1998
565 786
567 4283
570 1844
571 963
571 4915
573 3359
574 856
574 1524
575 2135
578 641
578 1092
579 740
579 3885
580 776
581 586
582 629
583 1007
584 973
585 630
585 6341
586 588
586 681
586 744
587 3419
590 976
592 6621
593 823
593 682
594 757
595 3796
596 929
596 3268
597 908
599 711
599 1441
600 602
600 631
600 3668
600 5354
601 1061
601 2772
601 2854
604 4880
605 4119
606 829
606 1004
606 2365
607 645
607 674
607 952
609 900
612 1051
612 764
613 1776
618 773
618 5724
620 1268
621 678
621 767
621 755
621 4297
622 6106
623 5336
625 1054
625 5313
626 917
626 5854
627 3454
628 1037
629 919
629 3342
632 972
635 1280
636 685
638 745
638 989
639 1022
639 1051
639 1542
640 824
640 3656
642 925
642 961
642 1998
644 1002
649 682
649 3437
650 1011
650 938
651 716
653 739
653 6591
654 3648
656 2358
657 1749
657 3449
658 4019
658 4394
659 933
663 1052
663 766
666 879
670 789
671 5988
672 802
676 983
677 689
677 1526
680 886
682 1384
683 967
684 763
688 1019
688 5010
690 2381
692 6184
693 1088
693 1267
693 5297
698 1383
699 797
699 4920
700 5588
701 1072
702 879
703 782
703 5031
705 755
707 5466
708 789
712 2831
713 843
714 826
714 6684
715 820
716 1869
719 3136
719 6466
720 750
722 847
723 751
723 766
725 769
725 987
725 1161
725 5026
726 5819
728 2636
728 3717
729 6496
731 1007
731 6072
732 931
732 5953
733 828
733 984
733 5924
736 1685
738 884
739 1280
739 2540
740 891
741 831
741 1059
742 5826
743 1031
744 962
745 821
747 1092
748 2207
748 3807
749 1002
749 4192
750 6065
753 1065
755 978
756 1090
758 1095
758 1085
759 2465
760 928
760 1604
761 3112
762 1356
764 837
765 1505
765 4989
766 5220
766 6443
767 855
767 4536
768 954
768 5248
769 2290
770 2169
770 6191
771 866
771 1069
773 799
776 6692
778 5462
779 1463
779 6794
780 1014
780 2671
781 6105
784 4862
784 5463
784 5946
786 5731
789 858
789 5921
792 796
793 6279
795 5574
796 1019
796 1082
797 3839
799 1096
799 4631
800 2664
802 5454
805 867
805 3632
806 863
808 1220
809 983
820 5366
821 886
822 3414
824 922
824 3077
825 1070
825 954
826 2045
827 4029
830 3262
833 853
834 913
836 1459
838 2657
840 899
842 985
844 874
845 1055
846 1036
846 1087
846 885
847 962
848 3128
849 877
851 945
852 1326
853 4437
853 6024
856 6579
857 6809
859 4219
860 961
861 960
864 1089
866 6510
867 1046
868 3757
871 989
871 4422
872 2524
873 6383
875 1962
875 5336
877 949
879 995
881 3568
881 6215
882 4293
884 3049
884 3965
885 1076
885 4305
885 4361
889 994
889 2140
892 979
892 3123
895 6213
898 2486
900 921
901 5551
903 930
903 2598
905 965
907 6351
908 978
910 965
912 1018
913 993
913 2032
913 5961
918 2585
921 3812
921 4768
924 5743
927 6487
928 1158
929 3487
933 5127
934 4472
935 3664
936 5921
938 4023
945 4904
948 1530
950 1002
952 5366
953 3171
955 3763
958 4026
962 977
962 4270
963 1040
967 5409
969 997
969 1006
972 2595
975 4243
975 4794
976 2882
977 1015
980 6041
982 5835
985 4279
986 6414
987 1355
987 1649
989 1082
990 2922
1001 4749
1006 1686
1006 4797
1010 6117
1011 1879
1012 5112
1014 3617
1018 5184
1024 4741
1024 6680
1027 4248
1029 5133
1030 6019
1035 3440
1037 5453
1038 2503
1039 2601
1040 1561
1043 5463
1049 3488
1059 6659
1061 4107
1064 4205
1071 3648
1074 1169
1078 2137
1085 1493
1085 4664
1086 5886
1090 1180
1092 6865
1093 1469
1093 1838
1098 1483
1100 1101
1100 1113
1101 1102
1113 1112
1102 1103
1103 1104
1104 1105
1105 1106
1106 1107
1106 1881
1107 1108
1108 1109
1109 1110
1110 1111
1111 1112
1114 1115
1114 1140
1115 1116
1140 1139
1116 1117
1117 1118
1118 1119
1119 1120
1120 1121
1121 1122
1122 1123
1123 1124
1124 1125
1125 1126
1126 1127
1126 3625
1127 1128
1128 1129
1129 1130
1130 1131
1131 1132
1132 1133
1133 1134
1134 1135
1134 5647
1135 1136
1136 1137
1137 1138
1138 1139
1141 1142
1141 1160
1142 1143
1160 1159
1143 1144
1143 1683
1144 1145
1145 1146
1146 1147
1147 1148
1148 1149
1149 1150
1150 1151
1151 1152
1152 1153
1153 1154
1154 1155
1155 1156
1156 1157
1157 1158
1158 1159
1161 1162
1161 1172
1162 1163
1172 1171
1163 1164
1164 1165
1165 1166
1166 1167
1167 1168
1168 1169
1169 1170
1170 1171
1173 1174
1173 1195
1174 1175
1195 1194
1175 1176
1176 1177
1177 1178
1178 1179
1179 1180
1180 1181
1181 1182
1182 1183
1183 1184
1184 1185
1185 1186
1186 1187
1187 1188
1188 1189
1189 1190
1190 1191
1191 1192
1192 1193
1193 1194
1196 1197
1196 1222
1197 1198
1197 5503
1222 1221
1198 1199
1199 1200
1200 1201
1201 1202
1202 1203
1203 1204
1204 1205
1205 1206
1206 1207
1207 1208
1208 1209
1209 1210
1210 1211
1211 1212
1212 1213
1213 1214
1214 1215
1215 1216
1216 1217
1217 1218
1218 1219
1219 1220
1220 1221
1223 1224
1223 1238
1224 1225
1238 1237
1225 1226
1226 1227
1227 1228
1228 1229
1229 1230
1230 1231
1231 1232
1231 3490
1232 1233
1233 1234
1234 1235
1235 1236
1236 1237
1239 1240
1239 1270
1240 1241
1270 1269
1241 1242
1242 1243
1243 1244
1244 1245
1245 1246
1246 1247
1247 1248
1248 1249
1249 1250
1250 1251
1251 1252
1252 1253
1253 1254
1254 1255
1255 1256
1256 1257
1257 1258
1258 1259
1259 1260
1260 1261
1261 1262
1262 1263
1263 1264
1264 1265
1265 1266
1266 1267
1267 1268
1268 1269
1271 1272
1271 1284
1272 1273
1284 1283
1273 1274
1274 1275
1275 1276
1276 1277
1277 1278
1278 1279
1279 1280
1280 1281
1281 1282
1282 1283
1285 1286
1285 1319
1286 1287
1319 1318
1287 1288
1288 1289
1289 1290
1290 1291
1291 1292
1292 1293
1293 1294
1294 1295
1295 1296
1296 1297
1297 1298
1298 1299
1299 1300
1300 1301
1301 1302
1302 1303
1303 1304
1303 1775
1304 1305
1305 1306
1306 1307
1307 1308
1308 1309
1309 1310
1310 1311
1311 1312
1312 1313
1313 1314
1314 1315
1315 1316
1316 1317
1317 1318
1320 1321
1320 1326
1321 1322
1326 1325
1322 1323
1323 1324
1324 1325
1324 2853
1327 1328
1327 1330
1328 1329
1330 1329
1331 1332
1331 1362
1332 1333
1362 1361
1333 1334
1334 1335
1335 1336
1336 1337
1337 1338
1338 1339
1339 1340
1340 1341
1341 1342
1342 1343
1343 1344
1344 1345
1345 1346
1346 1347
1347 1348
1348 1349
1349 1350
1350 1351
1351 1352
1352 1353
1353 1354
1354 1355
1355 1356
1356 1357
1357 1358
1358 1359
1359 1360
1360 1361
1363 1364
1363 1399
1364 1365
1399 1398
1365 1366
1366 1367
1367 1368
1368 1369
1369 1370
1370 1371
1371 1372
1372 1373
1373 1374
1374 1375
1375 1376
1376 1377
1377 1378
1378 1379
1379 1380
1380 1381
1381 1382
1382 1383
1383 1384
1384 1385
1385 1386
1386 1387
1387 1388
1388 1389
1389 1390
1390 1391
1391 1392
1392 1393
1393 1394
1394 1395
1395 1396
1396 1397
1397 1398
1400 1401
1400 1437
1401 1402
1437 1436
1402 1403
1403 1404
1404 1405
1405 1406
1406 1407
1407 1408
1408 1409
1409 1410
1410 1411
1411 1412
1412 1413
1413 1414
1414 1415
1415 1416
1416 1417
1417 1418
1418 1419
1419 1420
1420 1421
1421 1422
1422 1423
1423 1424
1424 1425
1425 1426
1426 1427
1427 1428
1428 1429
1429 1430
1430 1431
1430 1751
1431 1432
1432 1433
1433 1434
1434 1435
1435 1436
1438 1439
1438 1454
1439 1440
1454 1453
1440 1441
1441 1442
1442 1443
1443 1444
1444 1445
1445 1446
1446 1447
1447 1448
1448 1449
1449 1450
1450 1451
1451 1452
1452 1453
1455 1456
1455 1459
1456 1457
1459 1458
1457 1458
1460 1461
1460 1470
1461 1462
1470 1469
1462 1463
1463 1464
1464 1465
1465 1466
1466 1467
1466 4276
1467 1468
1468 1469
1471 1472
1471 1499
1472 1473
1499 1498
1473 1474
1474 1475
1475 1476
1476 1477
1477 1478
1478 1479
1479 1480
1480 1481
1481 1482
1482 1483
1483 1484
1483 1805
1484 1485
1485 1486
1486 1487
1487 1488
1488 1489
1489 1490
1490 1491
1491 1492
1492 1493
1493 1494
1494 1495
1495 1496
1496 1497
1497 1498
1500 1501
1500 1513
1501 1502
1513 1512
1502 1503
1503 1504
1504 1505
1505 1506
1506 1507
1507 1508
1508 1509
1509 1510
1510 1511
1511 1512
1514 1515
1514 1521
1515 1516
1521 1520
1521 4095
1516 1517
1517 1518
1518 1519
1519 1520
1522 1523
1522 1531
1523 1524
1531 1530
1524 1525
1525 1526
1525 5760
1526 1527
1527 1528
1528 1529
1529 1530
1532 1533
1532 1553
1533 1534
1553 1552
1534 1535
1535 1536
1536 1537
1537 1538
1538 1539
1539 1540
1540 1541
1541 1542
1542 1543
1543 1544
1544 1545
1545 1546
1546 1547
1547 1548
1548 1549
1549 1550
1550 1551
1551 1552
1554 1555
1554 1566
1555 1556
1566 1565
1556 1557
1557 1558
1558 1559
1559 1560
1560 1561
1561 1562
1562 1563
1563 1564
1564 1565
1567 1568
1567 1603
1568 1569
1603 1602
1569 1570
1570 1571
1571 1572
1572 1573
1573 1574
1574 1575
1575 1576
1576 1577
1577 1578
1578 1579
1579 1580
1580 1581
1581 1582
1582 1583
1583 1584
1584 1585
1585 1586
1586 1587
1587 1588
1588 1589
1589 1590
1590 1591
1591 1592
1592 1593
1593 1594
1594 1595
1594 6254
1595 1596
1596 1597
1597 1598
1598 1599
1599 1600
1600 1601
1601 1602
1604 1605
1604 1618
1605 1606
1618 1617
1606 1607
1607 1608
1608 1609
1609 1610
1610 1611
1611 1612
1612 1613
1613 1614
1614 1615
1615 1616
1616 1617
1619 1620
1619 1634
1620 1621
1634 1633
1621 1622
1622 1623
1623 1624
1624 1625
1624 6190
1625 1626
1626 1627
1627 1628
1628 1629
1629 1630
1630 1631
1631 1632
1632 1633
1635 1636
1635 1672
1636 1637
1672 1671
1637 1638
1638 1639
1639 1640
1640 1641
1641 1642
1642 1643
1643 1644
1644 1645
1645 1646
1646 1647
1647 1648
1648 1649
1649 1650
1650 1651
1651 1652
1652 1653
1653 1654
1654 1655
1655 1656
1656 1657
1657 1658
1658 1659
1659 1660
1660 1661
1661 1662
1662 1663
1663 1664
1664 1665
1665 1666
1666 1667
1667 1668
1668 1669
1669 1670
1670 1671
1673 1674
1673 1684
1674 1675
1684 1683
1675 1676
1676 1677
1677 1678
1678 1679
1679 1680
1680 1681
1681 1682
1682 1683
1685 1686
1685 1700
1686 1687
1700 1699
1687 1688
1688 1689
1689 1690
1690 1691
1691 1692
1692 1693
1693 1694
1694 1695
1695 1696
1696 1697
1697 1698
1698 1699
1701 1702
1701 1703
1702 1703
1704 1705
1704 1731
1705 1706
1731 1730
1706 1707
1707 1708
1708 1709
1708 3796
1709 1710
1710 1711
1711 1712
1712 1713
1713 1714
1714 1715
1715 1716
1716 1717
1717 1718
1718 1719
1719 1720
1720 1721
1721 1722
1722 1723
1723 1724
1724 1725
1725 1726
1726 1727
1727 1728
1728 1729
1729 1730
1732 1733
1732 1749
1733 1734
1749 1748
1734 1735
1735 1736
1736 1737
1737 1738
1738 1739
1739 1740
1740 1741
1741 1742
1742 1743
1743 1744
1744 1745
1745 1746
1746 1747
1747 1748
1750 1751
1750 1757
1751 1752
1757 1756
1752 1753
1753 1754
1753 6690
1754 1755
1755 1756
1758 1759
1758 1761
1759 1760
1759 2415
1761 1760
1762 1763
1762 1786
1763 1764
1786 1785
1764 1765
1765 1766
1766 1767
1767 1768
1768 1769
1769 1770
1770 1771
1771 1772
1772 1773
1773 1774
1774 1775
1775 1776
1776 1777
1777 1778
1778 1779
1779 1780
1780 1781
1781 1782
1782 1783
1783 1784
1784 1785
1787 1788
1787 1823
1788 1789
1823 1822
1789 1790
1790 1791
1791 1792
1792 1793
1793 1794
1794 1795
1795 1796
1796 1797
1797 1798
1798 1799
1799 1800
1800 1801
1801 1802
1802 1803
1803 1804
1804 1805
1805 1806
1806 1807
1807 1808
1808 1809
1809 1810
1810 1811
1811 1812
1812 1813
1813 1814
1814 1815
1815 1816
1816 1817
1817 1818
1818 1819
1819 1820
1820 1821
1821 1822
1824 1825
1824 1855
1825 1826
1855 1854
1826 1827
1827 1828
1828 1829
1829 1830
1830 1831
1831 1832
1832 1833
1833 1834
1834 1835
1835 1836
1836 1837
1837 1838
1838 1839
1839 1840
1840 1841
1841 1842
1842 1843
1843 1844
1844 1845
1845 1846
1846 1847
1847 1848
1848 1849
1849 1850
1850 1851
1851 1852
1852 1853
1853 1854
1856 1857
1856 1874
1857 1858
1874 1873
1858 1859
1859 1860
1860 1861
1861 1862
1862 1863
1863 1864
1864 1865
1865 1866
1866 1867
1867 1868
1868 1869
1869 1870
1870 1871
1871 1872
1872 1873
1875 1876
1875 1887
1876 1877
1887 1886
1877 1878
1878 1879
1879 1880
1880 1881
1881 1882
1882 1883
1883 1884
1884 1885
1885 1886
1888 1889
1888 1916
1889 1890
1916 1915
1890 1891
1891 1892
1892 1893
1893 1894
1894 1895
1895 1896
1896 1897
1897 1898
1898 1899
1899 1900
1900 1901
1901 1902
1902 1903
1903 1904
1904 1905
1905 1906
1906 1907
1907 1908
1908 1909
1909 1910
1910 1911
1911 1912
1912 1913
1913 1914
1914 1915
1917 1918
1917 1951
1918 1919
1951 1950
1919 1920
1920 1921
1921 1922
1922 1923
1923 1924
1924 1925
1925 1926
1926 1927
1927 1928
1928 1929
1929 1930
1930 1931
1931 1932
1932 1933
1933 1934
1934 1935
1935 1936
1936 1937
1937 1938
1938 1939
1939 1940
1940 1941
1941 1942
1942 1943
1943 1944
1944 1945
1945 1946
1946 1947
1947 1948
1948 1949
1949 1950
1952 1953
1952 1980
1953 1954
1980 1979
1954 1955
1955 1956
1956 1957
1957 1958
1958 1959
1959 1960
1960 1961
1961 1962
1962 1963
1963 1964
1964 1965
1965 1966
1966 1967
1967 1968
1968 1969
1969 1970
1970 1971
1971 1972
1972 1973
1973 1974
1974 1975
1975 1976
1976 1977
1977 1978
1978 1979
1981 1982
1981 2014
1982 1983
2014 2013
1983 1984
1984 1985
1985 1986
1986 1987
1987 1988
1988 1989
1989 1990
1990 1991
1991 1992
1992 1993
1993 1994
1994 1995
1995 1996
1996 1997
1997 1998
1998 1999
1999 2000
2000 2001
2001 2002
2002 2003
2003 2004
2004 2005
2005 2006
2006 2007
2007 2008
2008 2009
2009 2010
2010 2011
2011 2012
2012 2013
2015 2016
2015 2042
2016 2017
2042 2041
2017 2018
2018 2019
2019 2020
2020 2021
2021 2022
2022 2023
2023 2024
2024 2025
2025 2026
2026 2027
2027 2028
2028 2029
2029 2030
2030 2031
2031 2032
2032 2033
2033 2034
2034 2035
2035 2036
2036 2037
2037 2038
2038 2039
2039 2040
2040 2041
2041 2142
2043 2044
2043 2059
2044 2045
2059 2058
2045 2046
2046 2047
2047 2048
2048 2049
2049 2050
2050 2051
2051 2052
2052 2053
2053 2054
2054 2055
2055 2056
2056 2057
2057 2058
2060 2061
2060 2088
2061 2062
2088 2087
2062 2063
2063 2064
2064 2065
2065 2066
2066 2067
2067 2068
2068 2069
2069 2070
2070 2071
2071 2072
2072 2073
2073 2074
2074 2075
2075 2076
2076 2077
2077 2078
2078 2079
2079 2080
2080 2081
2081 2082
2082 2083
2083 2084
2084 2085
2085 2086
2086 2087
2087 3457
2089 2090
2089 2110
2090 2091
2110 2109
2091 2092
2092 2093
2093 2094
2094 2095
2095 2096
2096 2097
2097 2098
2098 2099
2099 2100
2100 2101
2101 2102
2102 2103
2103 2104
2104 2105
2105 2106
2106 2107
2107 2108
2108 2109
2111 2112
2111 2136
2112 2113
2136 2135
2113 2114
2114 2115
2115 2116
2116 2117
2117 2118
2118 2119
2119 2120
2120 2121
2121 2122
2122 2123
2123 2124
2124 2125
2125 2126
2126 2127
2127 2128
2128 2129
2129 2130
2130 2131
2131 2132
2132 2133
2132 3162
2133 2134
2134 2135
2137 2138
2139 2140
2139 2150
2140 2141
2150 2149
2141 2142
2142 2143
2143 2144
2144 2145
2145 2146
2146 2147
2147 2148
2148 2149
2151 2152
2151 2171
2152 2153
2171 2170
2153 2154
2154 2155
2155 2156
2156 2157
2157 2158
2158 2159
2159 2160
2160 2161
2161 2162
2162 2163
2163 2164
2164 2165
2165 2166
2166 2167
2167 2168
2168 2169
2169 2170
2172 2173
2172 2199
2172 5520
2173 2174
2199 2198
2174 2175
2175 2176
2176 2177
2177 2178
2178 2179
2179 2180
2180 2181
2181 2182
2182 2183
2183 2184
2183 4408
2184 2185
2185 2186
2186 2187
2187 2188
2188 2189
2189 2190
2190 2191
2191 2192
2192 2193
2193 2194
2194 2195
2195 2196
2196 2197
2197 2198
2200 2201
2200 2235
2201 2202
2235 2234
2202 2203
2203 2204
2204 2205
2205 2206
2206 2207
2207 2208
2208 2209
2209 2210
2210 2211
2211 2212
2212 2213
2213 2214
2214 2215
2215 2216
2216 2217
2217 2218
2218 2219
2219 2220
2220 2221
2221 2222
2222 2223
2223 2224
2224 2225
2225 2226
2226 2227
2227 2228
2228 2229
2229 2230
2230 2231
2231 2232
2232 2233
2233 2234
2236 2237
2236 2273
2237 2238
2273 2272
2238 2239
2239 2240
2240 2241
2241 2242
2242 2243
2243 2244
2244 2245
2244 6610
2245 2246
2246 2247
2247 2248
2248 2249
2249 2250
2250 2251
2251 2252
2252 2253
2253 2254
2254 2255
2255 2256
2256 2257
2257 2258
2258 2259
2259 2260
2260 2261
2261 2262
2262 2263
2263 2264
2264 2265
2265 2266
2266 2267
2267 2268
2268 2269
2269 2270
2270 2271
2271 2272
2274 2275
2274 2277
2275 2276
2277 2276
2278 2279
2278 2297
2279 2280
2297 2296
2280 2281
2281 2282
2282 2283
2283 2284
2284 2285
2285 2286
2286 2287
2287 2288
2288 2289
2289 2290
2290 2291
2291 2292
2292 2293
2293 2294
2294 2295
2295 2296
2298 2299
2298 2319
2299 2300
2319 2318
2300 2301
2301 2302
2302 2303
2303 2304
2304 2305
2305 2306
2306 2307
2307 2308
2308 2309
2309 2310
2310 2311
2311 2312
2312 2313
2313 2314
2314 2315
2315 2316
2316 2317
2316 3513
2317 2318
2320 2321
2320 2356
2321 2322
2356 2355
2322 2323
2323 2324
2324 2325
2325 2326
2326 2327
2326 6030
2327 2328
2328 2329
2329 2330
2330 2331
2331 2332
2332 2333
2333 2334
2334 2335
2335 2336
2336 2337
2337 2338
2338 2339
2339 2340
2340 2341
2341 2342
2342 2343
2343 2344
2344 2345
2345 2346
2346 2347
2347 2348
2348 2349
2349 2350
2350 2351
2351 2352
2352 2353
2353 2354
2354 2355
2357 2358
2357 2361
2358 2359
2361 2360
2359 2360
2362 2363
2362 2385
2363 2364
2385 2384
2364 2365
2365 2366
2366 2367
2367 2368
2368 2369
2369 2370
2370 2371
2371 2372
2372 2373
2373 2374
2374 2375
2375 2376
2376 2377
2377 2378
2378 2379
2379 2380
2380 2381
2381 2382
2382 2383
2383 2384
2386 2387
2386 2423
2387 2388
2423 2422
2388 2389
2389 2390
2390 2391
2391 2392
2392 2393
2393 2394
2394 2395
2395 2396
2396 2397
2397 2398
2398 2399
2399 2400
2400 2401
2401 2402
2402 2403
2403 2404
2404 2405
2405 2406
2406 2407
2407 2408
2408 2409
2409 2410
2410 2411
2411 2412
2412 2413
2413 2414
2414 2415
2415 2416
2416 2417
2417 2418
2418 2419
2419 2420
2420 2421
2421 2422
2424 2425
2424 2458
2425 2426
2458 2457
2426 2427
2427 2428
2428 2429
2429 2430
2430 2431
2431 2432
2432 2433
2433 2434
2434 2435
2435 2436
2436 2437
2437 2438
2438 2439
2439 2440
2440 2441
2441 2442
2442 2443
2443 2444
2444 2445
2445 2446
2446 2447
2447 2448
2448 2449
2449 2450
2450 2451
2451 2452
2452 2453
2453 2454
2454 2455
2455 2456
2456 2457
2457 4213
2459 2460
2459 2486
2460 2461
2486 2485
2461 2462
2462 2463
2463 2464
2464 2465
2465 2466
2466 2467
2467 2468
2468 2469
2469 2470
2470 2471
2471 2472
2472 2473
2473 2474
2474 2475
2475 2476
2476 2477
2477 2478
2478 2479
2478 5202
2479 2480
2480 2481
2481 2482
2482 2483
2483 2484
2484 2485
2487 2488
2487 2518
2488 2489
2518 2517
2489 2490
2490 2491
2491 2492
2492 2493
2493 2494
2494 2495
2495 2496
2496 2497
2497 2498
2498 2499
2499 2500
2500 2501
2501 2502
2502 2503
2503 2504
2504 2505
2505 2506
2505 5179
2506 2507
2507 2508
2508 2509
2509 2510
2510 2511
2511 2512
2512 2513
2513 2514
2514 2515
2515 2516
2516 2517
2519 2520
2519 2528
2520 2521
2528 2527
2521 2522
2522 2523
2523 2524
2524 2525
2525 2526
2525 5542
2526 2527
2529 2530
2529 2545
2530 2531
2545 2544
2531 2532
2532 2533
2533 2534
2534 2535
2535 2536
2536 2537
2537 2538
2537 4322
2538 2539
2539 2540
2540 2541
2541 2542
2542 2543
2543 2544
2546 2547
2546 2582
2547 2548
2582 2581
2548 2549
2549 2550
2550 2551
2551 2552
2552 2553
2553 2554
2554 2555
2555 2556
2556 2557
2557 2558
2558 2559
2559 2560
2560 2561
2561 2562
2562 2563
2563 2564
2564 2565
2565 2566
2566 2567
2567 2568
2567 3614
2568 2569
2569 2570
2570 2571
2571 2572
2572 2573
2573 2574
2574 2575
2575 2576
2576 2577
2577 2578
2578 2579
2579 2580
2580 2581
2583 2584
2583 2585
2584 2585
2584 5725
2586 2587
2586 2591
2587 2588
2587 5415
2591 2590
2588 2589
2589 2590
2592 2593
2592 2600
2593 2594
2600 2599
2594 2595
2595 2596
2596 2597
2597 2598
2598 2599
2601 2602
2601 2603
2602 2603
2604 2605
2604 2641
2605 2606
2641 2640
2606 2607
2607 2608
2608 2609
2609 2610
2610 2611
2611 2612
2612 2613
2613 2614
2614 2615
2615 2616
2616 2617
2617 2618
2618 2619
2619 2620
2620 2621
2621 2622
2622 2623
2623 2624
2623 3434
2624 2625
2625 2626
2626 2627
2627 2628
2628 2629
2629 2630
2630 2631
2631 2632
2632 2633
2633 2634
2634 2635
2635 2636
2636 2637
2637 2638
2638 2639
2639 2640
2642 2643
2642 2671
2643 2644
2671 2670
2644 2645
2645 2646
2646 2647
2647 2648
2648 2649
2648 6121
2649 2650
2649 6556
2650 2651
2650 6683
2651 2652
2652 2653
2653 2654
2654 2655
2655 2656
2656 2657
2657 2658
2658 2659
2659 2660
2660 2661
2661 2662
2662 2663
2663 2664
2664 2665
2665 2666
2666 2667
2667 2668
2668 2669
2669 2670
2672 2673
2672 2697
2673 2674
2697 2696
2674 2675
2675 2676
2676 2677
2677 2678
2678 2679
2679 2680
2680 2681
2681 2682
2682 2683
2683 2684
2684 2685
2685 2686
2686 2687
2687 2688
2688 2689
2689 2690
2690 2691
2691 2692
2692 2693
2693 2694
2694 2695
2695 2696
2698 2699
2698 2731
2699 2700
2731 2730
2700 2701
2701 2702
2702 2703
2703 2704
2704 2705
2705 2706
2706 2707
2707 2708
2708 2709
2709 2710
2710 2711
2711 2712
2712 2713
2713 2714
2714 2715
2715 2716
2716 2717
2717 2718
2718 2719
2719 2720
2720 2721
2721 2722
2722 2723
2723 2724
2724 2725
2725 2726
2726 2727
2727 2728
2728 2729
2729 2730
2732 2733
2732 2758
2732 5894
2733 2734
2758 2757
2734 2735
2735 2736
2736 2737
2737 2738
2738 2739
2739 2740
2740 2741
2741 2742
2742 2743
2743 2744
2744 2745
2745 2746
2746 2747
2747 2748
2748 2749
2749 2750
2750 2751
2751 2752
2752 2753
2753 2754
2754 2755
2755 2756
2756 2757
2759 2760
2759 2774
2760 2761
2774 2773
2761 2762
2762 2763
2763 2764
2764 2765
2765 2766
2766 2767
2767 2768
2768 2769
2769 2770
2770 2771
2771 2772
2772 2773
2775 2776
2775 2811
2776 2777
2811 2810
2777 2778
2778 2779
2779 2780
2780 2781
2781 2782
2782 2783
2783 2784
2784 2785
2785 2786
2786 2787
2787 2788
2788 2789
2789 2790
2790 2791
2791 2792
2792 2793
2793 2794
2794 2795
2795 2796
2796 2797
2797 2798
2798 2799
2799 2800
2800 2801
2801 2802
2802 2803
2803 2804
2804 2805
2805 2806
2806 2807
2807 2808
2808 2809
2809 2810
2812 2813
2812 2831
2813 2814
2831 2830
2814 2815
2815 2816
2816 2817
2817 2818
2818 2819
2819 2820
2820 2821
2821 2822
2822 2823
2823 2824
2824 2825
2825 2826
2826 2827
2827 2828
2828 2829
2829 2830
2832 2833
2832 2867
2833 2834
2867 2866
2834 2835
2835 2836
2836 2837
2837 2838
2838 2839
2839 2840
2840 2841
2841 2842
2842 2843
2843 2844
2844 2845
2845 2846
2846 2847
2847 2848
2848 2849
2849 2850
2850 2851
2851 2852
2852 2853
2853 2854
2854 2855
2855 2856
2856 2857
2857 2858
2858 2859
2859 2860
2860 2861
2861 2862
2862 2863
2863 2864
2864 2865
2865 2866
2868 2869
2868 2901
2869 2870
2901 2900
2870 2871
2871 2872
2872 2873
2873 2874
2874 2875
2875 2876
2876 2877
2877 2878
2878 2879
2879 2880
2880 2881
2881 2882
2882 2883
2883 2884
2884 2885
2885 2886
2886 2887
2887 2888
2888 2889
2889 2890
2890 2891
2891 2892
2892 2893
2893 2894
2894 2895
2895 2896
2896 2897
2897 2898
2898 2899
2899 2900
2902 2903
2902 2927
2903 2904
2927 2926
2904 2905
2905 2906
2906 2907
2907 2908
2908 2909
2909 2910
2910 2911
2911 2912
2912 2913
2913 2914
2914 2915
2915 2916
2916 2917
2917 2918
2918 2919
2919 2920
2920 2921
2921 2922
2922 2923
2923 2924
2924 2925
2925 2926
2928 2929
2928 2957
2929 2930
2957 2956
2930 2931
2931 2932
2932 2933
2933 2934
2934 2935
2935 2936
2936 2937
2937 2938
2938 2939
2939 2940
2940 2941
2941 2942
2942 2943
2943 2944
2944 2945
2945 2946
2946 2947
2947 2948
2948 2949
2949 2950
2950 2951
2951 2952
2952 2953
2953 2954
2954 2955
2955 2956
2958 2959
2958 2988
2959 2960
2988 2987
2960 2961
2961 2962
2962 2963
2963 2964
2964 2965
2965 2966
2966 2967
2967 2968
2968 2969
2969 2970
2970 2971
2971 2972
2972 2973
2973 2974
2974 2975
2975 2976
2976 2977
2977 2978
2978 2979
2979 2980
2980 2981
2981 2982
2982 2983
2983 2984
2984 2985
2985 2986
2986 2987
2989 2990
2989 3025
2990 2991
3025 3024
2991 2992
2992 2993
2993 2994
2994 2995
2995 2996
2996 2997
2997 2998
2998 2999
2999 3000
3000 3001
3001 3002
3002 3003
3002 6655
3003 3004
3004 3005
3005 3006
3006 3007
3007 3008
3008 3009
3009 3010
3010 3011
3011 3012
3012 3013
3013 3014
3014 3015
3015 3016
3016 3017
3017 3018
3018 3019
3019 3020
3020 3021
3021 3022
3022 3023
3023 3024
3026 3027
3026 3058
3027 3028
3058 3057
3028 3029
3029 3030
3030 3031
3031 3032
3032 3033
3033 3034
3034 3035
3035 3036
3036 3037
3037 3038
3038 3039
3039 3040
3040 3041
3041 3042
3042 3043
3043 3044
3044 3045
3045 3046
3046 3047
3047 3048
3048 3049
3049 3050
3050 3051
3051 3052
3052 3053
3053 3054
3054 3055
3055 3056
3056 3057
3059 3060
3059 3077
3060 3061
3077 3076
3061 3062
3062 3063
3063 3064
3064 3065
3065 3066
3066 3067
3067 3068
3068 3069
3069 3070
3070 3071
3071 3072
3072 3073
3073 3074
3074 3075
3075 3076
3078 3079
3078 3101
3078 3593
3079 3080
3101 3100
3080 3081
3081 3082
3082 3083
3083 3084
3084 3085
3085 3086
3086 3087
3087 3088
3088 3089
3089 3090
3090 3091
3091 3092
3092 3093
3093 3094
3094 3095
3095 3096
3096 3097
3097 3098
3098 3099
3099 3100
3102 3103
3102 3116
3103 3104
3116 3115
3104 3105
3105 3106
3106 3107
3107 3108
3108 3109
3109 3110
3110 3111
3111 3112
3112 3113
3113 3114
3114 3115
3117 3118
3117 3124
3118 3119
3124 3123
3119 3120
3120 3121
3121 3122
3122 3123
3125 3126
3125 3138
3125 5779
3126 3127
3138 3137
3138 5837
3127 3128
3128 3129
3129 3130
3130 3131
3131 3132
3132 3133
3133 3134
3134 3135
3135 3136
3136 3137
3139 3140
3139 3145
3140 3141
3145 3144
3141 3142
3142 3143
3143 3144
3143 6818
3146 3147
3146 3177
3147 3148
3177 3176
3148 3149
3149 3150
3150 3151
3151 3152
3152 3153
3153 3154
3154 3155
3154 3502
3155 3156
3156 3157
3157 3158
3158 3159
3159 3160
3160 3161
3161 3162
3162 3163
3163 3164
3164 3165
3165 3166
3166 3167
3167 3168
3168 3169
3169 3170
3170 3171
3171 3172
3172 3173
3173 3174
3174 3175
3175 3176
3178 3179
3178 3195
3179 3180
3195 3194
3180 3181
3181 3182
3182 3183
3183 3184
3184 3185
3185 3186
3186 3187
3187 3188
3188 3189
3189 3190
3190 3191
3191 3192
3192 3193
3193 3194
3196 3197
3196 3227
3197 3198
3227 3226
3198 3199
3199 3200
3200 3201
3201 3202
3202 3203
3203 3204
3204 3205
3205 3206
3206 3207
3207 3208
3208 3209
3209 3210
3210 3211
3211 3212
3212 3213
3213 3214
3214 3215
3215 3216
3216 3217
3217 3218
3218 3219
3219 3220
3220 3221
3221 3222
3222 3223
3222 5583
3223 3224
3224 3225
3225 3226
3228 3229
3228 3246
3229 3230
3246 3245
3230 3231
3231 3232
3232 3233
3233 3234
3234 3235
3235 3236
3236 3237
3237 3238
3238 3239
3239 3240
3240 3241
3241 3242
3242 3243
3243 3244
3244 3245
3247 3248
3247 3266
3248 3249
3266 3265
3249 3250
3250 3251
3251 3252
3252 3253
3253 3254
3254 3255
3255 3256
3256 3257
3257 3258
3258 3259
3259 3260
3260 3261
3261 3262
3262 3263
3263 3264
3264 3265
3267 3268
3267 3295
3268 3269
3295 3294
3269 3270
3270 3271
3271 3272
3272 3273
3273 3274
3274 3275
3275 3276
3276 3277
3277 3278
3278 3279
3279 3280
3280 3281
3281 3282
3282 3283
3283 3284
3284 3285
3285 3286
3286 3287
3287 3288
3288 3289
3289 3290
3290 3291
3291 3292
3292 3293
3293 3294
3296 3297
3296 3314
3297 3298
3314 3313
3298 3299
3299 3300
3300 3301
3301 3302
3302 3303
3303 3304
3304 3305
3305 3306
3306 3307
3307 3308
3308 3309
3309 3310
3310 3311
3311 3312
3312 3313
3315 3316
3315 3351
3316 3317
3351 3350
3317 3318
3318 3319
3319 3320
3320 3321
3321 3322
3322 3323
3323 3324
3324 3325
3325 3326
3326 3327
3327 3328
3328 3329
3329 3330
3330 3331
3331 3332
3332 3333
3333 3334
3334 3335
3335 3336
3336 3337
3337 3338
3338 3339
3339 3340
3340 3341
3341 3342
3342 3343
3343 3344
3344 3345
3345 3346
3346 3347
3347 3348
3348 3349
3349 3350
3352 3353
3352 3388
3353 3354
3388 3387
3354 3355
3355 3356
3356 3357
3357 3358
3358 3359
3359 3360
3360 3361
3361 3362
3362 3363
3363 3364
3364 3365
3365 3366
3366 3367
3367 3368
3368 3369
3369 3370
3370 3371
3371 3372
3372 3373
3373 3374
3374 3375
3375 3376
3376 3377
3377 3378
3378 3379
3379 3380
3380 3381
3381 3382
3382 3383
3383 3384
3384 3385
3385 3386
3386 3387
3389 3390
3389 3413
3390 3391
3413 3412
3391 3392
3392 3393
3393 3394
3394 3395
3395 3396
3396 3397
3397 3398
3398 3399
3399 3400
3400 3401
3401 3402
3402 3403
3403 3404
3404 3405
3405 3406
3406 3407
3407 3408
3408 3409
3409 3410
3410 3411
3411 3412
3414 3415
3414 3419
3415 3416
3419 3418
3416 3417
3417 3418
3420 3421
3420 3440
3421 3422
3440 3439
3422 3423
3423 3424
3424 3425
3425 3426
3426 3427
3427 3428
3428 3429
3429 3430
3430 3431
3431 3432
3432 3433
3433 3434
3434 3435
3435 3436
3436 3437
3437 3438
3438 3439
3441 3442
3441 3460
3442 3443
3460 3459
3443 3444
3444 3445
3445 3446
3446 3447
3447 3448
3448 3449
3449 3450
3450 3451
3451 3452
3452 3453
3453 3454
3454 3455
3455 3456
3456 3457
3457 3458
3458 3459
3461 3462
3461 3464
3462 3463
3464 3463
3463 3470
3463 6279
3465 3466
3465 3478
3466 3467
3478 3477
3467 3468
3468 3469
3469 3470
3470 3471
3471 3472
3472 3473
3473 3474
3474 3475
3475 3476
3476 3477
3479 3480
3479 3499
3480 3481
3499 3498
3481 3482
3482 3483
3483 3484
3484 3485
3485 3486
3486 3487
3487 3488
3488 3489
3489 3490
3490 3491
3491 3492
3491 5119
3492 3493
3493 3494
3494 3495
3495 3496
3496 3497
3497 3498
3500 3501
3500 3502
3501 3502
3503 3504
3503 3527
3504 3505
3527 3526
3505 3506
3506 3507
3507 3508
3508 3509
3509 3510
3510 3511
3511 3512
3512 3513
3513 3514
3514 3515
3515 3516
3516 3517
3517 3518
3518 3519
3519 3520
3520 3521
3521 3522
3522 3523
3522 5142
3523 3524
3524 3525
3525 3526
3528 3529
3528 3562
3529 3530
3562 3561
3530 3531
3531 3532
3532 3533
3533 3534
3534 3535
3535 3536
3536 3537
3537 3538
3538 3539
3539 3540
3540 3541
3541 3542
3542 3543
3543 3544
3544 3545
3545 3546
3546 3547
3547 3548
3548 3549
3549 3550
3550 3551
3551 3552
3552 3553
3553 3554
3554 3555
3555 3556
3556 3557
3557 3558
3558 3559
3559 3560
3560 3561
3563 3564
3563 3579
3564 3565
3579 3578
3565 3566
3566 3567
3567 3568
3568 3569
3569 3570
3570 3571
3571 3572
3572 3573
3573 3574
3574 3575
3575 3576
3576 3577
3577 3578
3580 3581
3580 3586
3581 3582
3586 3585
3582 3583
3583 3584
3584 3585
3587 3588
3587 3592
3588 3589
3592 3591
3589 3590
3590 3591
3593 3594
3593 3612
3594 3595
3612 3611
3595 3596
3596 3597
3597 3598
3598 3599
3599 3600
3600 3601
3601 3602
3602 3603
3603 3604
3604 3605
3605 3606
3606 3607
3607 3608
3608 3609
3609 3610
3610 3611
3613 3614
3613 3646
3614 3615
3646 3645
3615 3616
3616 3617
3617 3618
3618 3619
3619 3620
3620 3621
3620 3660
3621 3622
3622 3623
3623 3624
3624 3625
3625 3626
3626 3627
3627 3628
3628 3629
3629 3630
3630 3631
3631 3632
3632 3633
3633 3634
3634 3635
3635 3636
3636 3637
3637 3638
3638 3639
3639 3640
3640 3641
3641 3642
3642 3643
3643 3644
3644 3645
3647 3648
3647 3667
3648 3649
3667 3666
3649 3650
3650 3651
3651 3652
3652 3653
3653 3654
3654 3655
3655 3656
3656 3657
3657 3658
3658 3659
3659 3660
3660 3661
3661 3662
3662 3663
3663 3664
3664 3665
3665 3666
3668 3669
3668 3695
3669 3670
3695 3694
3670 3671
3671 3672
3672 3673
3673 3674
3674 3675
3675 3676
3676 3677
3677 3678
3678 3679
3679 3680
3680 3681
3681 3682
3682 3683
3683 3684
3684 3685
3685 3686
3686 3687
3687 3688
3688 3689
3689 3690
3690 3691
3691 3692
3692 3693
3693 3694
3696 3697
3696 3714
3697 3698
3714 3713
3698 3699
3699 3700
3700 3701
3701 3702
3702 3703
3702 5775
3703 3704
3704 3705
3705 3706
3706 3707
3707 3708
3708 3709
3709 3710
3710 3711
3711 3712
3712 3713
3715 3716
3715 3738
3716 3717
3738 3737
3717 3718
3718 3719
3719 3720
3720 3721
3721 3722
3722 3723
3723 3724
3724 3725
3725 3726
3726 3727
3727 3728
3728 3729
3729 3730
3730 3731
3731 3732
3732 3733
3733 3734
3734 3735
3735 3736
3736 3737
3739 3740
3739 3761
3740 3741
3761 3760
3741 3742
3742 3743
3743 3744
3744 3745
3745 3746
3746 3747
3747 3748
3748 3749
3749 3750
3750 3751
3751 3752
3752 3753
3753 3754
3754 3755
3755 3756
3756 3757
3757 3758
3758 3759
3759 3760
3762 3763
3762 3766
3763 3764
3763 6334
3766 3765
3764 3765
3767 3768
3767 3798
3768 3769
3798 3797
3769 3770
3770 3771
3771 3772
3772 3773
3773 3774
3774 3775
3775 3776
3776 3777
3777 3778
3778 3779
3779 3780
3780 3781
3781 3782
3782 3783
3783 3784
3784 3785
3785 3786
3786 3787
3787 3788
3788 3789
3789 3790
3790 3791
3791 3792
3792 3793
3793 3794
3794 3795
3795 3796
3796 3797
3799 3800
3799 3823
3800 3801
3823 3822
3801 3802
3802 3803
3803 3804
3804 3805
3805 3806
3806 3807
3807 3808
3808 3809
3809 3810
3810 3811
3811 3812
3812 3813
3813 3814
3814 3815
3815 3816
3816 3817
3817 3818
3818 3819
3819 3820
3820 3821
3821 3822
3824 3825
3824 3850
3825 3826
3850 3849
3826 3827
3827 3828
3828 3829
3829 3830
3830 3831
3831 3832
3832 3833
3833 3834
3834 3835
3835 3836
3836 3837
3837 3838
3838 3839
3839 3840
3840 3841
3841 3842
3842 3843
3843 3844
3844 3845
3845 3846
3846 3847
3847 3848
3848 3849
3851 3852
3851 3877
3852 3853
3877 3876
3853 3854
3854 3855
3855 3856
3856 3857
3857 3858
3858 3859
3859 3860
3860 3861
3861 3862
3862 3863
3863 3864
3864 3865
3865 3866
3866 3867
3867 3868
3868 3869
3869 3870
3870 3871
3871 3872
3872 3873
3873 3874
3874 3875
3875 3876
3878 3879
3878 3884
3879 3880
3884 3883
3880 3881
3881 3882
3882 3883
3882 6006
3885 3886
3885 3906
3886 3887
3906 3905
3887 3888
3888 3889
3889 3890
3890 3891
3891 3892
3892 3893
3893 3894
3894 3895
3895 3896
3896 3897
3897 3898
3898 3899
3899 3900
3900 3901
3901 3902
3902 3903
3903 3904
3904 3905
3907 3908
3907 3936
3908 3909
3936 3935
3909 3910
3910 3911
3911 3912
3912 3913
3913 3914
3914 3915
3915 3916
3916 3917
3917 3918
3918 3919
3919 3920
3920 3921
3921 3922
3922 3923
3923 3924
3924 3925
3925 3926
3926 3927
3927 3928
3928 3929
3929 3930
3930 3931
3931 3932
3932 3933
3933 3934
3934 3935
3937 3938
3937 3955
3938 3939
3955 3954
3939 3940
3940 3941
3941 3942
3942 3943
3943 3944
3944 3945
3945 3946
3946 3947
3947 3948
3948 3949
3949 3950
3950 3951
3951 3952
3952 3953
3953 3954
3956 3957
3956 3991
3957 3958
3991 3990
3958 3959
3959 3960
3960 3961
3961 3962
3961 5461
3962 3963
3963 3964
3964 3965
3965 3966
3966 3967
3967 3968
3968 3969
3969 3970
3970 3971
3971 3972
3972 3973
3973 3974
3974 3975
3975 3976
3976 3977
3977 3978
3978 3979
3979 3980
3980 3981
3981 3982
3982 3983
3983 3984
3984 3985
3985 3986
3986 3987
3987 3988
3988 3989
3989 3990
3992 3993
3992 4000
3993 3994
4000 3999
3994 3995
3995 3996
3996 3997
3997 3998
3998 3999
4001 4002
4001 4021
4002 4003
4021 4020
4003 4004
4004 4005
4005 4006
4006 4007
4007 4008
4008 4009
4009 4010
4010 4011
4011 4012
4012 4013
4013 4014
4014 4015
4015 4016
4016 4017
4017 4018
4018 4019
4019 4020
4022 4023
4022 4029
4023 4024
4029 4028
4024 4025
4025 4026
4026 4027
4027 4028
4030 4031
4030 4063
4031 4032
4063 4062
4032 4033
4033 4034
4034 4035
4035 4036
4036 4037
4037 4038
4038 4039
4039 4040
4040 4041
4041 4042
4042 4043
4043 4044
4044 4045
4045 4046
4046 4047
4047 4048
4048 4049
4049 4050
4050 4051
4051 4052
4052 4053
4053 4054
4054 4055
4055 4056
4056 4057
4057 4058
4058 4059
4059 4060
4060 4061
4061 4062
4064 4065
4064 4078
4065 4066
4078 4077
4066 4067
4067 4068
4068 4069
4069 4070
4069 5964
4070 4071
4071 4072
4072 4073
4073 4074
4074 4075
4075 4076
4076 4077
4079 4080
4079 4089
4080 4081
4089 4088
4081 4082
4082 4083
4083 4084
4084 4085
4085 4086
4086 4087
4087 4088
4090 4091
4090 4112
4091 4092
4112 4111
4092 4093
4093 4094
4094 4095
4095 4096
4096 4097
4097 4098
4098 4099
4099 4100
4100 4101
4101 4102
4102 4103
4103 4104
4104 4105
4105 4106
4106 4107
4107 4108
4108 4109
4109 4110
4110 4111
4113 4114
4113 4132
4114 4115
4132 4131
4115 4116
4116 4117
4117 4118
4118 4119
4119 4120
4120 4121
4121 4122
4122 4123
4123 4124
4124 4125
4125 4126
4126 4127
4127 4128
4128 4129
4129 4130
4130 4131
4133 4134
4133 4166
4134 4135
4166 4165
4135 4136
4136 4137
4137 4138
4138 4139
4139 4140
4140 4141
4141 4142
4142 4143
4143 4144
4144 4145
4145 4146
4146 4147
4147 4148
4148 4149
4149 4150
4150 4151
4151 4152
4152 4153
4153 4154
4154 4155
4155 4156
4156 4157
4157 4158
4158 4159
4159 4160
4160 4161
4160 5031
4161 4162
4162 4163
4163 4164
4164 4165
4167 4168
4167 4203
4168 4169
4203 4202
4169 4170
4170 4171
4171 4172
4172 4173
4173 4174
4174 4175
4175 4176
4176 4177
4177 4178
4178 4179
4179 4180
4180 4181
4181 4182
4182 4183
4183 4184
4184 4185
4185 4186
4186 4187
4187 4188
4188 4189
4189 4190
4190 4191
4191 4192
4192 4193
4193 4194
4194 4195
4195 4196
4196 4197
4197 4198
4198 4199
4199 4200
4200 4201
4201 4202
4204 4205
4204 4214
4205 4206
4214 4213
4206 4207
4207 4208
4208 4209
4209 4210
4210 4211
4211 4212
4212 4213
4215 4216
4215 4225
4216 4217
4225 4224
4217 4218
4218 4219
4219 4220
4220 4221
4221 4222
4222 4223
4223 4224
4226 4227
4226 4260
4227 4228
4260 4259
4228 4229
4229 4230
4230 4231
4231 4232
4232 4233
4233 4234
4234 4235
4235 4236
4236 4237
4237 4238
4238 4239
4239 4240
4240 4241
4241 4242
4242 4243
4243 4244
4244 4245
4245 4246
4246 4247
4247 4248
4248 4249
4249 4250
4250 4251
4251 4252
4252 4253
4253 4254
4254 4255
4255 4256
4256 4257
4257 4258
4258 4259
4261 4262
4261 4274
4262 4263
4274 4273
4263 4264
4264 4265
4265 4266
4266 4267
4267 4268
4268 4269
4269 4270
4270 4271
4271 4272
4272 4273
4275 4276
4275 4279
4276 4277
4279 4278
4277 4278
4280 4281
4282 4283
4282 4302
4283 4284
4302 4301
4284 4285
4285 4286
4286 4287
4287 4288
4288 4289
4289 4290
4290 4291
4291 4292
4292 4293
4293 4294
4294 4295
4295 4296
4296 4297
4297 4298
4298 4299
4299 4300
4300 4301
4303 4304
4303 4315
4304 4305
4315 4314
4305 4306
4306 4307
4307 4308
4308 4309
4309 4310
4310 4311
4311 4312
4312 4313
4313 4314
4316 4317
4316 4351
4317 4318
4351 4350
4318 4319
4319 4320
4320 4321
4321 4322
4322 4323
4323 4324
4324 4325
4325 4326
4326 4327
4327 4328
4328 4329
4329 4330
4330 4331
4331 4332
4332 4333
4333 4334
4334 4335
4335 4336
4336 4337
4337 4338
4338 4339
4339 4340
4340 4341
4341 4342
4342 4343
4343 4344
4344 4345
4345 4346
4346 4347
4347 4348
4348 4349
4349 4350
4352 4353
4352 4361
4353 4354
4361 4360
4354 4355
4355 4356
4356 4357
4357 4358
4358 4359
4359 4360
4362 4363
4362 4390
4363 4364
4390 4389
4364 4365
4365 4366
4366 4367
4367 4368
4368 4369
4369 4370
4370 4371
4371 4372
4372 4373
4373 4374
4374 4375
4375 4376
4375 6280
4376 4377
4377 4378
4378 4379
4379 4380
4380 4381
4381 4382
4382 4383
4383 4384
4384 4385
4385 4386
4386 4387
4387 4388
4388 4389
4391 4392
4391 4413
4392 4393
4413 4412
4393 4394
4394 4395
4395 4396
4396 4397
4397 4398
4398 4399
4399 4400
4400 4401
4401 4402
4402 4403
4403 4404
4404 4405
4405 4406
4406 4407
4407 4408
4408 4409
4409 4410
4410 4411
4411 4412
4414 4415
4414 4445
4415 4416
4445 4444
4416 4417
4417 4418
4418 4419
4419 4420
4420 4421
4421 4422
4422 4423
4423 4424
4424 4425
4425 4426
4426 4427
4427 4428
4428 4429
4429 4430
4430 4431
4431 4432
4432 4433
4433 4434
4434 4435
4435 4436
4436 4437
4437 4438
4438 4439
4439 4440
4440 4441
4441 4442
4442 4443
4443 4444
4446 4447
4446 4457
4447 4448
4457 4456
4448 4449
4449 4450
4450 4451
4451 4452
4452 4453
4453 4454
4454 4455
4455 4456
4458 4459
4458 4481
4459 4460
4481 4480
4460 4461
4461 4462
4462 4463
4463 4464
4464 4465
4465 4466
4466 4467
4467 4468
4468 4469
4469 4470
4470 4471
4471 4472
4472 4473
4473 4474
4474 4475
4475 4476
4476 4477
4477 4478
4478 4479
4479 4480
4482 4483
4482 4499
4483 4484
4499 4498
4484 4485
4485 4486
4486 4487
4487 4488
4488 4489
4489 4490
4490 4491
4491 4492
4492 4493
4493 4494
4494 4495
4495 4496
4496 4497
4497 4498
4500 4501
4500 4536
4501 4502
4536 4535
4502 4503
4502 5041
4503 4504
4504 4505
4505 4506
4506 4507
4507 4508
4508 4509
4509 4510
4510 4511
4511 4512
4512 4513
4513 4514
4514 4515
4515 4516
4516 4517
4517 4518
4518 4519
4519 4520
4520 4521
4521 4522
4522 4523
4523 4524
4524 4525
4525 4526
4526 4527
4527 4528
4528 4529
4529 4530
4530 4531
4531 4532
4532 4533
4533 4534
4534 4535
4537 4538
4537 4572
4538 4539
4572 4571
4539 4540
4540 4541
4541 4542
4542 4543
4543 4544
4544 4545
4545 4546
4546 4547
4547 4548
4548 4549
4549 4550
4550 4551
4551 4552
4552 4553
4553 4554
4554 4555
4555 4556
4556 4557
4557 4558
4558 4559
4559 4560
4560 4561
4561 4562
4562 4563
4563 4564
4564 4565
4565 4566
4566 4567
4567 4568
4568 4569
4569 4570
4570 4571
4573 4574
4573 4602
4574 4575
4602 4601
4575 4576
4576 4577
4577 4578
4577 5687
4578 4579
4579 4580
4580 4581
4581 4582
4582 4583
4583 4584
4584 4585
4585 4586
4586 4587
4587 4588
4588 4589
4589 4590
4590 4591
4591 4592
4592 4593
4593 4594
4594 4595
4595 4596
4596 4597
4597 4598
4598 4599
4599 4600
4600 4601
4603 4604
4603 4632
4604 4605
4632 4631
4605 4606
4606 4607
4607 4608
4608 4609
4609 4610
4610 4611
4611 4612
4612 4613
4613 4614
4614 4615
4615 4616
4616 4617
4617 4618
4618 4619
4619 4620
4620 4621
4621 4622
4622 4623
4623 4624
4624 4625
4625 4626
4626 4627
4627 4628
4628 4629
4629 4630
4630 4631
4633 4634
4633 4651
4634 4635
4651 4650
4635 4636
4636 4637
4637 4638
4637 5906
4638 4639
4639 4640
4640 4641
4641 4642
4642 4643
4643 4644
4644 4645
4645 4646
4646 4647
4647 4648
4648 4649
4649 4650
4652 4653
4652 4656
4653 4654
4656 4655
4654 4655
4657 4658
4657 4677
4658 4659
4677 4676
4659 4660
4660 4661
4661 4662
4662 4663
4663 4664
4664 4665
4665 4666
4666 4667
4667 4668
4668 4669
4669 4670
4670 4671
4671 4672
4672 4673
4673 4674
4674 4675
4675 4676
4678 4679
4678 4680
4679 4680
4681 4682
4681 4693
4682 4683
4693 4692
4683 4684
4684 4685
4685 4686
4686 4687
4687 4688
4688 4689
4689 4690
4690 4691
4691 4692
4694 4695
4694 4726
4695 4696
4726 4725
4696 4697
4697 4698
4698 4699
4699 4700
4700 4701
4701 4702
4702 4703
4703 4704
4704 4705
4705 4706
4706 4707
4707 4708
4708 4709
4709 4710
4710 4711
4711 4712
4712 4713
4713 4714
4714 4715
4715 4716
4716 4717
4717 4718
4718 4719
4719 4720
4720 4721
4721 4722
4722 4723
4723 4724
4723 5930
4724 4725
4727 4728
4727 4762
4728 4729
4762 4761
4729 4730
4730 4731
4731 4732
4732 4733
4733 4734
4734 4735
4735 4736
4736 4737
4737 4738
4738 4739
4739 4740
4740 4741
4741 4742
4742 4743
4743 4744
4744 4745
4745 4746
4746 4747
4747 4748
4748 4749
4749 4750
4750 4751
4751 4752
4752 4753
4753 4754
4754 4755
4755 4756
4756 4757
4757 4758
4758 4759
4759 4760
4760 4761
4763 4764
4763 4795
4764 4765
4795 4794
4765 4766
4766 4767
4767 4768
4768 4769
4769 4770
4770 4771
4771 4772
4772 4773
4773 4774
4774 4775
4775 4776
4776 4777
4777 4778
4778 4779
4779 4780
4780 4781
4781 4782
4782 4783
4783 4784
4784 4785
4785 4786
4786 4787
4787 4788
4788 4789
4789 4790
4790 4791
4791 4792
4792 4793
4793 4794
4796 4797
4796 4816
4797 4798
4816 4815
4798 4799
4799 4800
4800 4801
4801 4802
4802 4803
4803 4804
4804 4805
4805 4806
4806 4807
4807 4808
4808 4809
4809 4810
4810 4811
4811 4812
4812 4813
4813 4814
4814 4815
4817 4818
4817 4836
4818 4819
4836 4835
4819 4820
4820 4821
4821 4822
4822 4823
4823 4824
4824 4825
4825 4826
4826 4827
4827 4828
4828 4829
4829 4830
4830 4831
4831 4832
4832 4833
4833 4834
4834 4835
4837 4838
4837 4874
4838 4839
4874 4873
4839 4840
4840 4841
4841 4842
4842 4843
4843 4844
4844 4845
4845 4846
4846 4847
4847 4848
4848 4849
4849 4850
4850 4851
4851 4852
4852 4853
4853 4854
4854 4855
4855 4856
4856 4857
4857 4858
4858 4859
4859 4860
4860 4861
4861 4862
4862 4863
4863 4864
4864 4865
4865 4866
4866 4867
4867 4868
4868 4869
4869 4870
4870 4871
4871 4872
4872 4873
4875 4876
4875 4901
4876 4877
4901 4900
4877 4878
4878 4879
4879 4880
4880 4881
4881 4882
4882 4883
4883 4884
4884 4885
4885 4886
4886 4887
4887 4888
4888 4889
4889 4890
4890 4891
4891 4892
4892 4893
4893 4894
4894 4895
4895 4896
4896 4897
4897 4898
4898 4899
4899 4900
4902 4903
4902 4910
4902 5126
4903 4904
4910 4909
4904 4905
4905 4906
4906 4907
4907 4908
4908 4909
4911 4912
4911 4930
4912 4913
4930 4929
4913 4914
4914 4915
4915 4916
4916 4917
4917 4918
4918 4919
4919 4920
4919 6660
4920 4921
4921 4922
4922 4923
4923 4924
4924 4925
4925 4926
4926 4927
4927 4928
4928 4929
4931 4932
4931 4946
4932 4933
4946 4945
4933 4934
4934 4935
4935 4936
4936 4937
4937 4938
4938 4939
4939 4940
4939 5412
4940 4941
4941 4942
4942 4943
4943 4944
4944 4945
4947 4948
4947 4960
4947 5261
4948 4949
4960 4959
4949 4950
4950 4951
4951 4952
4952 4953
4953 4954
4954 4955
4955 4956
4956 4957
4957 4958
4958 4959
4961 4962
4961 4993
4962 4963
4993 4992
4963 4964
4964 4965
4965 4966
4966 4967
4967 4968
4968 4969
4969 4970
4970 4971
4971 4972
4972 4973
4973 4974
4974 4975
4975 4976
4976 4977
4977 4978
4978 4979
4979 4980
4980 4981
4981 4982
4982 4983
4983 4984
4984 4985
4985 4986
4986 4987
4987 4988
4988 4989
4989 4990
4990 4991
4991 4992
4994 4995
4994 5021
4995 4996
5021 5020
4996 4997
4997 4998
4998 4999
4999 5000
5000 5001
5001 5002
5002 5003
5003 5004
5004 5005
5005 5006
5006 5007
5007 5008
5008 5009
5009 5010
5010 5011
5011 5012
5012 5013
5013 5014
5014 5015
5015 5016
5016 5017
5017 5018
5018 5019
5019 5020
5022 5023
5022 5037
5023 5024
5037 5036
5024 5025
5025 5026
5026 5027
5027 5028
5028 5029
5029 5030
5030 5031
5031 5032
5032 5033
5033 5034
5034 5035
5035 5036
5038 5039
5038 5051
5039 5040
5051 5050
5040 5041
5041 5042
5042 5043
5043 5044
5044 5045
5045 5046
5046 5047
5047 5048
5048 5049
5049 5050
5052 5053
5052 5066
5053 5054
5066 5065
5054 5055
5055 5056
5056 5057
5057 5058
5057 6715
5058 5059
5058 5263
5059 5060
5060 5061
5061 5062
5062 5063
5063 5064
5064 5065
5067 5068
5067 5089
5068 5069
5089 5088
5069 5070
5070 5071
5071 5072
5072 5073
5073 5074
5074 5075
5075 5076
5076 5077
5077 5078
5078 5079
5079 5080
5080 5081
5081 5082
5082 5083
5083 5084
5084 5085
5085 5086
5086 5087
5087 5088
5090 5091
5090 5122
5091 5092
5122 5121
5092 5093
5093 5094
5094 5095
5095 5096
5096 5097
5097 5098
5098 5099
5099 5100
5100 5101
5101 5102
5102 5103
5103 5104
5104 5105
5105 5106
5106 5107
5107 5108
5108 5109
5109 5110
5110 5111
5111 5112
5112 5113
5113 5114
5114 5115
5115 5116
5116 5117
5117 5118
5118 5119
5119 5120
5120 5121
5123 5124
5123 5139
5124 5125
5139 5138
5125 5126
5126 5127
5127 5128
5128 5129
5129 5130
5130 5131
5131 5132
5132 5133
5133 5134
5134 5135
5135 5136
5136 5137
5137 5138
5140 5141
5140 5147
5141 5142
5147 5146
5142 5143
5143 5144
5144 5145
5145 5146
5148 5149
5148 5165
5149 5150
5165 5164
5150 5151
5151 5152
5152 5153
5153 5154
5154 5155
5155 5156
5156 5157
5157 5158
5158 5159
5159 5160
5160 5161
5161 5162
5162 5163
5163 5164
5166 5167
5166 5198
5167 5168
5198 5197
5168 5169
5169 5170
5170 5171
5171 5172
5172 5173
5173 5174
5174 5175
5175 5176
5176 5177
5177 5178
5178 5179
5179 5180
5180 5181
5181 5182
5182 5183
5183 5184
5183 6047
5184 5185
5185 5186
5186 5187
5187 5188
5188 5189
5189 5190
5190 5191
5191 5192
5192 5193
5193 5194
5194 5195
5195 5196
5196 5197
5199 5200
5199 5223
5200 5201
5223 5222
5201 5202
5202 5203
5203 5204
5204 5205
5205 5206
5206 5207
5207 5208
5208 5209
5209 5210
5210 5211
5211 5212
5212 5213
5213 5214
5214 5215
5215 5216
5216 5217
5217 5218
5218 5219
5219 5220
5220 5221
5221 5222
5224 5225
5224 5236
5225 5226
5236 5235
5226 5227
5227 5228
5228 5229
5229 5230
5230 5231
5231 5232
5232 5233
5233 5234
5234 5235
5237 5238
5237 5260
5238 5239
5260 5259
5239 5240
5240 5241
5241 5242
5242 5243
5243 5244
5244 5245
5245 5246
5246 5247
5247 5248
5248 5249
5249 5250
5250 5251
5251 5252
5252 5253
5253 5254
5254 5255
5255 5256
5256 5257
5257 5258
5258 5259
5261 5262
5261 5271
5262 5263
5271 5270
5263 5264
5264 5265
5265 5266
5266 5267
5267 5268
5268 5269
5269 5270
5272 5273
5272 5304
5273 5274
5304 5303
5274 5275
5275 5276
5276 5277
5277 5278
5278 5279
5279 5280
5280 5281
5281 5282
5282 5283
5283 5284
5284 5285
5285 5286
5286 5287
5287 5288
5288 5289
5289 5290
5290 5291
5291 5292
5292 5293
5293 5294
5294 5295
5295 5296
5296 5297
5297 5298
5298 5299
5299 5300
5300 5301
5301 5302
5302 5303
5305 5306
5305 5311
5306 5307
5311 5310
5307 5308
5307 5774
5308 5309
5309 5310
5312 5313
5312 5337
5313 5314
5337 5336
5314 5315
5315 5316
5316 5317
5317 5318
5318 5319
5319 5320
5320 5321
5321 5322
5322 5323
5323 5324
5324 5325
5325 5326
5326 5327
5327 5328
5328 5329
5329 5330
5330 5331
5331 5332
5332 5333
5333 5334
5334 5335
5335 5336
5338 5339
5338 5370
5339 5340
5370 5369
5340 5341
5341 5342
5342 5343
5343 5344
5344 5345
5345 5346
5346 5347
5347 5348
5348 5349
5349 5350
5350 5351
5351 5352
5352 5353
5353 5354
5354 5355
5355 5356
5356 5357
5357 5358
5358 5359
5359 5360
5360 5361
5361 5362
5362 5363
5363 5364
5364 5365
5365 5366
5366 5367
5367 5368
5368 5369
5371 5372
5371 5407
5372 5373
5407 5406
5373 5374
5374 5375
5375 5376
5376 5377
5377 5378
5378 5379
5379 5380
5380 5381
5381 5382
5382 5383
5383 5384
5384 5385
5385 5386
5386 5387
5387 5388
5388 5389
5389 5390
5390 5391
5391 5392
5392 5393
5393 5394
5394 5395
5395 5396
5396 5397
5397 5398
5398 5399
5399 5400
5400 5401
5401 5402
5402 5403
5403 5404
5404 5405
5405 5406
5408 5409
5408 5422
5409 5410
5422 5421
5410 5411
5411 5412
5412 5413
5413 5414
5414 5415
5415 5416
5416 5417
5417 5418
5418 5419
5419 5420
5420 5421
5423 5424
5423 5450
5424 5425
5450 5449
5425 5426
5426 5427
5427 5428
5428 5429
5429 5430
5430 5431
5431 5432
5432 5433
5433 5434
5434 5435
5435 5436
5436 5437
5437 5438
5438 5439
5439 5440
5440 5441
5441 5442
5442 5443
5443 5444
5444 5445
5445 5446
5446 5447
5447 5448
5448 5449
5451 5452
5451 5458
5452 5453
5458 5457
5453 5454
5454 5455
5455 5456
5456 5457
5459 5460
5459 5463
5460 5461
5463 5462
5461 5462
5464 5465
5464 5498
5465 5466
5498 5497
5466 5467
5467 5468
5468 5469
5469 5470
5470 5471
5471 5472
5472 5473
5473 5474
5474 5475
5475 5476
5476 5477
5477 5478
5478 5479
5479 5480
5480 5481
5481 5482
5482 5483
5483 5484
5484 5485
5485 5486
5486 5487
5487 5488
5488 5489
5489 5490
5490 5491
5491 5492
5492 5493
5493 5494
5494 5495
5495 5496
5496 5497
5499 5500
5499 5535
5500 5501
5535 5534
5501 5502
5502 5503
5503 5504
5504 5505
5505 5506
5506 5507
5507 5508
5508 5509
5509 5510
5510 5511
5511 5512
5512 5513
5513 5514
5514 5515
5515 5516
5516 5517
5517 5518
5518 5519
5519 5520
5520 5521
5521 5522
5522 5523
5523 5524
5524 5525
5525 5526
5526 5527
5527 5528
5528 5529
5529 5530
5530 5531
5531 5532
5532 5533
5533 5534
5536 5537
5536 5549
5537 5538
5549 5548
5538 5539
5539 5540
5540 5541
5541 5542
5542 5543
5543 5544
5544 5545
5545 5546
5546 5547
5547 5548
5550 5551
5550 5573
5551 5552
5573 5572
5552 5553
5553 5554
5554 5555
5555 5556
5556 5557
5557 5558
5558 5559
5559 5560
5560 5561
5561 5562
5562 5563
5563 5564
5564 5565
5565 5566
5566 5567
5567 5568
5568 5569
5569 5570
5570 5571
5571 5572
5574 5575
5574 5585
5575 5576
5585 5584
5576 5577
5577 5578
5578 5579
5579 5580
5580 5581
5581 5582
5582 5583
5583 5584
5586 5587
5586 5588
5587 5588
5589 5590
5589 5593
5590 5591
5593 5592
5591 5592
5594 5595
5594 5628
5595 5596
5628 5627
5596 5597
5597 5598
5598 5599
5599 5600
5600 5601
5601 5602
5602 5603
5603 5604
5604 5605
5605 5606
5606 5607
5607 5608
5608 5609
5609 5610
5610 5611
5611 5612
5612 5613
5613 5614
5614 5615
5615 5616
5616 5617
5617 5618
5618 5619
5619 5620
5620 5621
5621 5622
5622 5623
5623 5624
5624 5625
5625 5626
5626 5627
5629 5630
5629 5654
5630 5631
5654 5653
5631 5632
5632 5633
5633 5634
5634 5635
5635 5636
5636 5637
5637 5638
5638 5639
5639 5640
5640 5641
5641 5642
5642 5643
5643 5644
5644 5645
5645 5646
5646 5647
5647 5648
5648 5649
5649 5650
5650 5651
5651 5652
5652 5653
5655 5656
5655 5662
5656 5657
5662 5661
5657 5658
5658 5659
5659 5660
5660 5661
5663 5664
5663 5693
5664 5665
5693 5692
5665 5666
5666 5667
5667 5668
5668 5669
5669 5670
5670 5671
5671 5672
5672 5673
5673 5674
5674 5675
5675 5676
5676 5677
5677 5678
5678 5679
5679 5680
5680 5681
5681 5682
5682 5683
5683 5684
5684 5685
5685 5686
5686 5687
5687 5688
5688 5689
5689 5690
5690 5691
5691 5692
5694 5695
5694 5718
5695 5696
5718 5717
5696 5697
5697 5698
5698 5699
5699 5700
5700 5701
5701 5702
5702 5703
5703 5704
5704 5705
5705 5706
5706 5707
5707 5708
5708 5709
5709 5710
5710 5711
5711 5712
5712 5713
5713 5714
5714 5715
5715 5716
5716 5717
5719 5720
5719 5725
5720 5721
5725 5724
5721 5722
5722 5723
5723 5724
5726 5727
5726 5742
5727 5728
5742 5741
5728 5729
5729 5730
5730 5731
5731 5732
5732 5733
5733 5734
5734 5735
5735 5736
5736 5737
5737 5738
5738 5739
5739 5740
5740 5741
5743 5744
5743 5761
5744 5745
5761 5760
5745 5746
5746 5747
5747 5748
5748 5749
5749 5750
5750 5751
5751 5752
5752 5753
5753 5754
5754 5755
5755 5756
5756 5757
5757 5758
5758 5759
5759 5760
5762 5763
5762 5774
5763 5764
5774 5773
5764 5765
5765 5766
5766 5767
5767 5768
5768 5769
5769 5770
5770 5771
5771 5772
5772 5773
5775 5776
5775 5790
5776 5777
5790 5789
5777 5778
5778 5779
5779 5780
5780 5781
5781 5782
5782 5783
5783 5784
5784 5785
5785 5786
5786 5787
5787 5788
5788 5789
5791 5792
5791 5823
5792 5793
5823 5822
5793 5794
5794 5795
5795 5796
5796 5797
5797 5798
5798 5799
5799 5800
5800 5801
5801 5802
5802 5803
5803 5804
5804 5805
5805 5806
5806 5807
5807 5808
5808 5809
5809 5810
5810 5811
5811 5812
5812 5813
5813 5814
5814 5815
5815 5816
5816 5817
5817 5818
5818 5819
5819 5820
5820 5821
5821 5822
5824 5825
5824 5835
5825 5826
5835 5834
5826 5827
5827 5828
5828 5829
5829 5830
5830 5831
5831 5832
5832 5833
5833 5834
5836 5837
5836 5847
5837 5838
5847 5846
5838 5839
5839 5840
5840 5841
5841 5842
5842 5843
5843 5844
5844 5845
5845 5846
5848 5849
5848 5859
5849 5850
5859 5858
5850 5851
5851 5852
5852 5853
5853 5854
5854 5855
5855 5856
5856 5857
5857 5858
5860 5861
5860 5897
5861 5862
5897 5896
5862 5863
5863 5864
5864 5865
5865 5866
5866 5867
5867 5868
5868 5869
5869 5870
5870 5871
5871 5872
5872 5873
5873 5874
5874 5875
5875 5876
5876 5877
5877 5878
5878 5879
5879 5880
5880 5881
5881 5882
5882 5883
5883 5884
5884 5885
5885 5886
5886 5887
5887 5888
5888 5889
5889 5890
5890 5891
5891 5892
5892 5893
5893 5894
5894 5895
5895 5896
5898 5899
5898 5914
5899 5900
5914 5913
5900 5901
5901 5902
5902 5903
5903 5904
5904 5905
5905 5906
5906 5907
5907 5908
5908 5909
5909 5910
5910 5911
5911 5912
5912 5913
5915 5916
5915 5926
5916 5917
5926 5925
5917 5918
5918 5919
5919 5920
5920 5921
5921 5922
5922 5923
5923 5924
5924 5925
5927 5928
5927 5935
5928 5929
5935 5934
5929 5930
5930 5931
5931 5932
5932 5933
5933 5934
5936 5937
5936 5950
5937 5938
5950 5949
5938 5939
5939 5940
5940 5941
5941 5942
5942 5943
5943 5944
5944 5945
5945 5946
5946 5947
5947 5948
5948 5949
5951 5952
5951 5970
5952 5953
5970 5969
5953 5954
5954 5955
5955 5956
5956 5957
5957 5958
5958 5959
5959 5960
5960 5961
5961 5962
5962 5963
5963 5964
5964 5965
5965 5966
5966 5967
5967 5968
5968 5969
5971 5972
5971 6005
5972 5973
6005 6004
5973 5974
5974 5975
5975 5976
5976 5977
5977 5978
5978 5979
5979 5980
5980 5981
5981 5982
5982 5983
5983 5984
5984 5985
5985 5986
5986 5987
5987 5988
5988 5989
5989 5990
5990 5991
5991 5992
5992 5993
5993 5994
5994 5995
5995 5996
5996 5997
5997 5998
5998 5999
5999 6000
6000 6001
6001 6002
6002 6003
6003 6004
6006 6007
6006 6025
6007 6008
6025 6024
6008 6009
6009 6010
6010 6011
6011 6012
6012 6013
6013 6014
6014 6015
6015 6016
6016 6017
6017 6018
6018 6019
6019 6020
6020 6021
6021 6022
6022 6023
6023 6024
6026 6027
6026 6063
6027 6028
6063 6062
6028 6029
6029 6030
6030 6031
6031 6032
6032 6033
6033 6034
6034 6035
6035 6036
6036 6037
6037 6038
6038 6039
6039 6040
6040 6041
6041 6042
6042 6043
6043 6044
6044 6045
6045 6046
6046 6047
6047 6048
6048 6049
6049 6050
6050 6051
6051 6052
6052 6053
6053 6054
6054 6055
6055 6056
6056 6057
6057 6058
6058 6059
6059 6060
6060 6061
6061 6062
6064 6065
6064 6094
6065 6066
6094 6093
6066 6067
6067 6068
6068 6069
6069 6070
6070 6071
6071 6072
6072 6073
6073 6074
6074 6075
6075 6076
6076 6077
6077 6078
6078 6079
6079 6080
6080 6081
6081 6082
6082 6083
6083 6084
6084 6085
6085 6086
6086 6087
6087 6088
6088 6089
6089 6090
6090 6091
6091 6092
6092 6093
6095 6096
6095 6098
6096 6097
6098 6097
6099 6100
6099 6118
6100 6101
6118 6117
6101 6102
6102 6103
6103 6104
6104 6105
6105 6106
6106 6107
6107 6108
6108 6109
6109 6110
6110 6111
6111 6112
6112 6113
6113 6114
6114 6115
6115 6116
6116 6117
6119 6120
6119 6134
6120 6121
6134 6133
6121 6122
6122 6123
6123 6124
6124 6125
6125 6126
6126 6127
6127 6128
6128 6129
6129 6130
6130 6131
6131 6132
6132 6133
6135 6136
6135 6171
6136 6137
6171 6170
6137 6138
6138 6139
6139 6140
6140 6141
6141 6142
6142 6143
6143 6144
6144 6145
6145 6146
6146 6147
6147 6148
6148 6149
6149 6150
6150 6151
6151 6152
6152 6153
6153 6154
6154 6155
6155 6156
6156 6157
6157 6158
6158 6159
6159 6160
6160 6161
6161 6162
6162 6163
6163 6164
6164 6165
6165 6166
6166 6167
6167 6168
6168 6169
6169 6170
6172 6173
6172 6189
6173 6174
6189 6188
6174 6175
6175 6176
6176 6177
6177 6178
6178 6179
6179 6180
6180 6181
6181 6182
6182 6183
6183 6184
6184 6185
6185 6186
6186 6187
6187 6188
6190 6191
6192 6193
6192 6212
6193 6194
6212 6211
6194 6195
6195 6196
6196 6197
6197 6198
6198 6199
6199 6200
6200 6201
6201 6202
6202 6203
6203 6204
6204 6205
6205 6206
6206 6207
6207 6208
6208 6209
6209 6210
6210 6211
6213 6214
6213 6220
6214 6215
6220 6219
6215 6216
6216 6217
6217 6218
6218 6219
6221 6222
6221 6257
6222 6223
6257 6256
6223 6224
6224 6225
6225 6226
6226 6227
6227 6228
6228 6229
6229 6230
6230 6231
6231 6232
6232 6233
6233 6234
6234 6235
6235 6236
6236 6237
6237 6238
6238 6239
6239 6240
6240 6241
6241 6242
6242 6243
6243 6244
6244 6245
6245 6246
6246 6247
6247 6248
6248 6249
6249 6250
6250 6251
6251 6252
6252 6253
6253 6254
6254 6255
6255 6256
6258 6259
6258 6272
6259 6260
6272 6271
6260 6261
6261 6262
6262 6263
6263 6264
6264 6265
6265 6266
6266 6267
6267 6268
6268 6269
6269 6270
6269 6501
6270 6271
6273 6274
6273 6278
6274 6275
6278 6277
6275 6276
6276 6277
6279 6280
6279 6284
6280 6281
6284 6283
6281 6282
6282 6283
6285 6286
6285 6320
6286 6287
6320 6319
6287 6288
6288 6289
6289 6290
6290 6291
6291 6292
6292 6293
6293 6294
6294 6295
6295 6296
6296 6297
6297 6298
6298 6299
6299 6300
6300 6301
6301 6302
6302 6303
6303 6304
6304 6305
6305 6306
6306 6307
6307 6308
6308 6309
6309 6310
6310 6311
6311 6312
6312 6313
6313 6314
6314 6315
6315 6316
6316 6317
6317 6318
6318 6319
6321 6322
6321 6325
6322 6323
6325 6324
6323 6324
6326 6327
6326 6344
6327 6328
6344 6343
6328 6329
6329 6330
6330 6331
6331 6332
6332 6333
6333 6334
6334 6335
6335 6336
6336 6337
6337 6338
6338 6339
6339 6340
6340 6341
6341 6342
6342 6343
6345 6346
6345 6380
6346 6347
6380 6379
6347 6348
6348 6349
6349 6350
6350 6351
6351 6352
6352 6353
6353 6354
6354 6355
6355 6356
6356 6357
6357 6358
6358 6359
6359 6360
6360 6361
6361 6362
6362 6363
6363 6364
6364 6365
6365 6366
6366 6367
6367 6368
6368 6369
6369 6370
6370 6371
6371 6372
6372 6373
6373 6374
6374 6375
6375 6376
6376 6377
6377 6378
6378 6379
6381 6382
6381 6399
6382 6383
6399 6398
6383 6384
6384 6385
6384 6655
6385 6386
6386 6387
6387 6388
6388 6389
6389 6390
6390 6391
6391 6392
6392 6393
6393 6394
6394 6395
6395 6396
6396 6397
6397 6398
6400 6401
6400 6419
6401 6402
6419 6418
6402 6403
6403 6404
6404 6405
6405 6406
6406 6407
6407 6408
6408 6409
6409 6410
6410 6411
6411 6412
6412 6413
6413 6414
6414 6415
6415 6416
6416 6417
6417 6418
6420 6421
6420 6456
6421 6422
6456 6455
6422 6423
6423 6424
6424 6425
6425 6426
6426 6427
6427 6428
6428 6429
6429 6430
6430 6431
6431 6432
6432 6433
6433 6434
6434 6435
6435 6436
6436 6437
6437 6438
6438 6439
6439 6440
6440 6441
6441 6442
6442 6443
6443 6444
6444 6445
6445 6446
6446 6447
6447 6448
6448 6449
6449 6450
6450 6451
6451 6452
6452 6453
6453 6454
6454 6455
6457 6458
6457 6470
6458 6459
6470 6469
6459 6460
6460 6461
6461 6462
6462 6463
6463 6464
6464 6465
6465 6466
6466 6467
6467 6468
6468 6469
6471 6472
6471 6475
6472 6473
6475 6474
6473 6474
6476 6477
6476 6509
6477 6478
6509 6508
6478 6479
6479 6480
6480 6481
6481 6482
6482 6483
6483 6484
6484 6485
6485 6486
6486 6487
6487 6488
6488 6489
6489 6490
6490 6491
6491 6492
6492 6493
6493 6494
6494 6495
6495 6496
6496 6497
6497 6498
6498 6499
6499 6500
6500 6501
6501 6502
6502 6503
6503 6504
6504 6505
6505 6506
6506 6507
6507 6508
6510 6511
6510 6542
6511 6512
6542 6541
6512 6513
6513 6514
6514 6515
6515 6516
6516 6517
6517 6518
6518 6519
6519 6520
6520 6521
6521 6522
6522 6523
6523 6524
6524 6525
6525 6526
6526 6527
6527 6528
6528 6529
6529 6530
6530 6531
6531 6532
6532 6533
6533 6534
6534 6535
6535 6536
6536 6537
6537 6538
6538 6539
6539 6540
6540 6541
6543 6544
6543 6558
6544 6545
6558 6557
6545 6546
6546 6547
6547 6548
6548 6549
6549 6550
6550 6551
6551 6552
6552 6553
6553 6554
6554 6555
6555 6556
6556 6557
6559 6560
6559 6579
6560 6561
6579 6578
6561 6562
6562 6563
6563 6564
6564 6565
6565 6566
6566 6567
6567 6568
6568 6569
6569 6570
6570 6571
6571 6572
6572 6573
6573 6574
6574 6575
6575 6576
6576 6577
6577 6578
6580 6581
6580 6617
6581 6582
6617 6616
6582 6583
6583 6584
6584 6585
6585 6586
6586 6587
6587 6588
6588 6589
6589 6590
6590 6591
6591 6592
6592 6593
6593 6594
6594 6595
6595 6596
6596 6597
6597 6598
6598 6599
6599 6600
6600 6601
6601 6602
6602 6603
6603 6604
6604 6605
6605 6606
6606 6607
6607 6608
6608 6609
6609 6610
6610 6611
6611 6612
6612 6613
6613 6614
6614 6615
6615 6616
6618 6619
6618 6622
6619 6620
6622 6621
6620 6621
6623 6624
6623 6643
6624 6625
6643 6642
6625 6626
6626 6627
6627 6628
6628 6629
6629 6630
6630 6631
6631 6632
6632 6633
6633 6634
6634 6635
6635 6636
6636 6637
6637 6638
6638 6639
6639 6640
6640 6641
6641 6642
6644 6645
6644 6653
6645 6646
6653 6652
6646 6647
6647 6648
6648 6649
6649 6650
6650 6651
6651 6652
6654 6655
6654 6663
6655 6656
6663 6662
6656 6657
6657 6658
6658 6659
6659 6660
6660 6661
6661 6662
6664 6665
6664 6683
6665 6666
6683 6682
6666 6667
6667 6668
6668 6669
6669 6670
6670 6671
6671 6672
6672 6673
6673 6674
6674 6675
6675 6676
6676 6677
6677 6678
6678 6679
6679 6680
6680 6681
6681 6682
6684 6685
6684 6690
6685 6686
6690 6689
6686 6687
6687 6688
6688 6689
6691 6692
6691 6704
6692 6693
6704 6703
6693 6694
6694 6695
6695 6696
6696 6697
6697 6698
6698 6699
6699 6700
6700 6701
6701 6702
6702 6703
6705 6706
6705 6741
6706 6707
6741 6740
6707 6708
6708 6709
6709 6710
6710 6711
6711 6712
6712 6713
6713 6714
6714 6715
6715 6716
6716 6717
6717 6718
6718 6719
6719 6720
6720 6721
6721 6722
6722 6723
6723 6724
6724 6725
6725 6726
6726 6727
6727 6728
6728 6729
6729 6730
6730 6731
6731 6732
6732 6733
6733 6734
6734 6735
6735 6736
6736 6737
6737 6738
6738 6739
6739 6740
6742 6743
6742 6755
6743 6744
6755 6754
6744 6745
6745 6746
6746 6747
6747 6748
6748 6749
6749 6750
6750 6751
6751 6752
6752 6753
6753 6754
6756 6757
6756 6787
6757 6758
6787 6786
6758 6759
6759 6760
6760 6761
6761 6762
6762 6763
6763 6764
6764 6765
6765 6766
6766 6767
6767 6768
6768 6769
6769 6770
6770 6771
6771 6772
6772 6773
6773 6774
6774 6775
6775 6776
6776 6777
6777 6778
6778 6779
6779 6780
6780 6781
6781 6782
6782 6783
6783 6784
6784 6785
6785 6786
6788 6789
6788 6793
6789 6790
6793 6792
6790 6791
6791 6792
6794 6795
6794 6803
6795 6796
6803 6802
6796 6797
6797 6798
6798 6799
6799 6800
6800 6801
6801 6802
6804 6805
6804 6827
6805 6806
6827 6826
6806 6807
6807 6808
6808 6809
6809 6810
6810 6811
6811 6812
6812 6813
6813 6814
6814 6815
6815 6816
6816 6817
6817 6818
6818 6819
6819 6820
6820 6821
6821 6822
6822 6823
6823 6824
6824 6825
6825 6826
6828 6829
6828 6838
6829 6830
6838 6837
6830 6831
6831 6832
6832 6833
6833 6834
6834 6835
6835 6836
6836 6837
6839 6840
6839 6864
6840 6841
6864 6863
6841 6842
6842 6843
6843 6844
6844 6845
6845 6846
6846 6847
6847 6848
6848 6849
6849 6850
6850 6851
6851 6852
6852 6853
6853 6854
6854 6855
6855 6856
6856 6857
6857 6858
6858 6859
6859 6860
6860 6861
6861 6862
6862 6863
6865 6866
6865 6870
6866 6867
6870 6869
6867 6868
6868 6869
