0 713
0 8653
0 9571
1 678
1 738
1 6583
3 111
3 1220
3 206
3 396
4 586
4 4925
5 910
5 3864
6 176
6 805
6 1400
6 1014
6 4778
8 1275
9 7120
10 112
10 171
10 288
12 1229
12 946
13 734
15 1335
16 1491
16 31
17 1085
18 246
18 927
20 275
20 1378
20 212
21 6634
22 8825
23 522
23 971
24 966
24 3729
25 733
25 1116
25 1498
25 2042
26 76
26 1497
27 983
27 3080
28 510
30 775
30 5951
31 432
32 1463
32 239
33 873
33 739
33 43
34 1332
34 473
35 1262
35 538
35 1116
36 8566
38 1081
38 1312
38 6552
40 811
40 653
41 1399
41 1391
42 321
43 1142
43 8662
44 153
44 1182
44 1379
45 1382
45 9003
47 231
48 822
48 863
48 2177
50 514
50 4193
51 1177
51 4588
52 995
52 682
55 1402
55 178
55 6428
56 613
56 57
56 249
57 1308
57 1328
58 960
61 779
62 305
62 4146
63 1267
63 6820
64 1113
66 2000
68 92
68 1123
68 8601
69 584
69 130
70 497
70 626
71 1175
72 510
73 656
73 689
73 1092
73 1202
73 780
73 7086
74 909
74 1059
74 3763
75 297
75 7136
75 7401
75 9625
77 105
77 781
77 7557
77 9079
78 488
78 8154
79 443
80 1003
80 2742
81 832
81 1330
81 2877
82 835
83 572
85 641
85 3305
86 122
86 1955
89 436
89 1223
89 1322
90 326
91 147
92 1231
93 284
94 1265
95 1449
95 2727
96 1436
96 6744
97 1264
98 1298
98 4520
98 9040
99 904
99 1591
99 9033
99 9199
100 1001
100 252
102 259
103 1238
103 249
103 1468
103 7183
104 270
105 1245
106 727
106 1921
106 3646
107 1355
107 425
108 160
108 6310
108 7857
109 787
109 308
114 386
114 1050
114 1445
114 628
114 1025
116 524
116 8907
117 573
117 1169
118 2188
119 339
122 9078
124 946
124 927
126 592
127 1358
127 1265
128 993
128 1343
128 1167
129 477
129 690
129 718
129 4948
129 7740
129 8529
130 1110
132 1452
132 400
134 407
135 657
135 2445
135 5038
135 7775
136 579
136 1499
138 1104
139 1388
140 988
140 999
140 829
141 4190
142 419
144 1414
145 485
145 3612
145 4183
147 671
147 776
147 1303
147 701
147 1004
147 8094
148 784
149 1444
149 652
150 298
150 6204
151 157
151 8111
152 611
154 1257
154 2858
156 1442
156 5857
157 342
157 937
157 7502
158 484
158 1397
158 1320
159 1401
159 1274
159 342
160 336
160 1200
160 1058
161 572
161 1473
162 7397
163 339
164 298
165 357
165 1230
166 540
167 1285
167 3310
168 4849
169 617
170 1235
171 264
171 1885
171 2106
172 478
172 1288
172 4631
172 9304
177 221
177 1109
178 728
179 1279
179 539
182 465
182 1007
183 1220
185 1388
187 884
187 644
188 324
188 1005
188 1422
188 501
188 7703
189 1449
191 7139
194 617
194 604
197 634
199 727
200 626
201 1301
201 796
201 1051
202 813
202 8540
203 984
204 945
204 435
204 4561
206 976
207 9400
210 748
210 921
210 1341
211 748
211 2852
212 1048
212 6067
213 985
214 1261
214 1177
215 8413
216 227
216 1317
217 1443
218 410
218 783
218 3249
220 915
220 1098
220 1086
221 278
221 746
221 1031
221 8245
223 1431
223 1410
224 7857
225 520
225 1178
225 606
226 6971
226 9010
227 6881
227 9162
229 732
231 827
234 857
235 683
235 1410
236 305
236 605
236 3294
239 700
239 9075
241 319
241 1369
243 260
243 503
244 7360
245 1184
249 823
250 1007
250 448
251 370
252 1297
252 1341
252 1149
252 5916
253 1277
255 1095
255 1037
256 1333
256 5569
257 402
259 1354
259 5394
263 1049
264 706
264 728
265 1284
265 1099
267 399
267 1498
268 1079
268 1460
270 6708
271 403
271 640
271 1459
271 1400
271 5206
271 8885
274 1074
275 1015
275 3459
276 513
277 947
279 836
279 1127
279 958
279 9663
280 8875
281 1322
281 1216
281 1920
282 992
282 837
282 8067
283 1428
283 3368
284 638
284 4718
285 962
285 3323
286 1436
286 7030
287 1488
287 538
288 757
288 739
291 722
291 321
292 636
292 715
292 488
292 9210
293 815
293 905
293 2023
294 1345
294 700
294 991
294 3994
295 752
296 605
298 4293
298 7823
299 886
300 452
300 1099
300 853
301 5191
302 426
304 343
304 1476
305 416
306 896
306 402
306 7074
307 5261
308 879
309 1164
309 1797
310 1050
311 961
311 439
311 4829
311 5489
312 1250
313 5569
314 980
314 871
315 2789
316 854
316 392
316 5993
317 3417
318 9285
319 1184
320 1376
320 7386
321 1220
322 1438
323 1116
326 639
328 1351
328 1090
329 1404
330 352
330 2123
330 7114
330 7142
331 1109
331 1225
333 5009
334 1214
334 1336
334 1340
334 1488
334 7445
335 363
337 8387
338 979
338 4791
339 4486
339 9412
345 413
345 889
346 937
346 3625
346 5045
346 8320
348 633
351 583
351 889
351 904
353 551
353 4760
354 939
354 3679
358 1092
360 831
360 2834
361 7920
363 486
364 3945
364 9725
365 521
365 1189
367 457
367 1078
367 8836
367 9416
368 464
368 1472
368 1108
369 634
369 4587
369 4949
370 632
370 448
372 704
372 4211
372 7957
374 661
374 1460
374 7844
375 933
376 888
376 5514
377 1208
377 958
378 878
378 1994
378 3530
378 6842
379 1023
379 1436
379 460
380 1333
382 863
383 863
383 7475
385 1088
385 7655
387 652
387 958
388 1307
389 888
389 5713
391 920
391 6819
392 1166
393 9622
395 684
396 654
396 906
396 8378
397 424
400 614
400 414
400 725
400 703
401 1155
402 949
402 1327
403 4884
404 6287
405 7146
406 563
406 741
407 730
407 5187
407 7360
408 576
408 6335
409 1299
409 8648
411 567
411 621
411 7866
414 2509
415 763
417 6003
418 7779
418 8287
419 861
420 1805
421 9423
422 1453
422 6313
423 1069
423 9133
424 1428
424 1156
424 1160
425 7580
426 5206
427 1219
427 989
427 8616
429 1069
431 999
432 857
434 1082
434 3266
435 4808
436 1029
437 1410
438 1494
439 684
439 4395
442 650
443 756
443 3435
444 6734
445 561
446 6396
448 4406
449 962
453 1181
453 1499
454 3905
456 1104
456 1870
458 2807
458 3291
459 1284
460 1343
462 1914
463 779
463 6877
463 8915
466 557
468 9051
469 786
469 1427
470 1122
471 990
471 547
472 1198
472 853
472 871
473 1080
474 1029
475 739
476 857
476 1032
478 1088
479 728
481 1119
481 1175
481 9621
483 1250
483 628
484 958
485 1005
486 985
486 5374
488 928
488 1025
489 700
489 6527
490 1422
491 1189
491 1493
495 6602
496 1359
498 560
498 1237
498 1319
499 744
500 1221
500 619
501 791
501 3310
502 830
502 1292
502 9264
503 850
503 3140
503 4102
503 8766
504 6647
504 7882
505 1442
506 9207
507 575
508 720
508 1358
510 994
511 542
512 1414
512 5659
513 525
513 1473
513 1151
514 808
514 536
515 1466
518 3405
520 1071
520 1130
524 1120
526 5724
527 1375
529 560
532 807
532 616
533 6087
535 1379
536 3992
539 1066
539 1212
539 3138
539 5272
540 730
541 712
542 560
544 9793
546 4348
546 9685
547 4530
548 852
548 875
548 625
548 1274
550 8710
552 921
557 1061
558 2491
559 1084
560 844
561 4986
567 5482
573 1036
575 1373
576 1680
577 2869
578 880
578 1092
579 740
579 2898
582 853
584 8505
586 814
586 960
586 744
586 9101
589 1189
592 861
595 2466
595 5775
597 619
598 1277
599 1445
599 6687
600 702
600 831
600 860
600 1008
604 1116
605 1152
606 1134
606 835
606 9733
607 891
607 951
607 2455
608 7494
610 3313
611 1475
612 1051
612 1129
615 1161
615 1372
615 719
615 2194
616 6691
617 694
619 2089
620 2789
620 8978
621 955
621 755
621 4643
622 6310
623 1201
624 903
625 3498
626 1244
626 7539
628 1411
630 4713
633 1404
635 1292
636 8417
637 1471
638 989
638 8869
639 1249
639 1051
640 5210
642 1305
642 777
642 3036
642 7635
644 1403
647 6011
647 9489
650 1011
650 9795
653 8140
655 1122
657 1319
658 1256
658 791
659 850
660 2450
661 903
661 8407
662 983
662 1165
662 8828
665 719
666 759
666 1289
669 6051
670 7656
674 6203
675 765
676 1413
676 1492
676 4111
679 4858
679 6932
680 830
681 9168
682 2162
682 4038
682 9031
684 763
684 2537
685 1120
686 765
690 835
695 1189
695 1846
699 1084
699 4535
701 1461
703 6581
704 720
705 755
705 7035
705 7908
711 1315
712 1951
713 1154
714 790
714 2504
715 820
718 8066
719 736
719 2029
720 750
721 957
724 783
725 769
725 1357
725 6734
727 1149
728 7702
729 976
731 1056
731 4457
731 6983
732 1105
732 996
733 1131
733 1335
734 8423
737 1355
739 899
739 2919
740 1209
741 887
741 1059
743 1215
743 5937
744 962
745 1206
745 2117
746 5668
747 1486
747 1267
750 6976
751 1918
752 1259
753 1450
753 1261
754 1104
755 978
756 1484
756 6942
758 1492
758 1164
760 928
760 9214
761 1155
761 5896
762 769
763 1339
764 1129
764 837
765 1300
765 1433
765 4561
768 954
768 4921
769 1115
772 879
772 3909
775 8791
776 1034
777 9098
777 9587
778 884
778 5091
780 1014
780 8117
781 1003
783 8613
784 1385
784 1474
784 1058
785 6412
786 794
786 2938
787 1946
788 982
789 941
789 1171
789 1489
789 8155
789 8675
790 3948
791 1108
792 1450
796 1077
796 1381
796 6132
797 3176
797 3587
798 1097
798 947
799 1374
799 1494
799 2676
804 1359
804 6094
804 6306
805 2980
809 850
812 1007
813 1018
813 7265
817 921
817 6899
818 1317
818 4644
820 1367
825 1456
825 1113
826 1351
826 4238
827 2040
828 908
829 1436
833 1439
833 853
834 7129
834 7933
836 5825
839 3079
839 9165
841 1090
842 1205
842 8488
843 7524
845 1476
845 6656
845 8490
846 1406
846 1481
846 8782
848 971
851 1003
855 3742
858 8652
858 9786
861 7177
861 7489
861 7780
862 1245
863 3426
863 8979
865 972
866 996
866 1170
868 1061
869 1320
871 989
872 2165
874 1155
874 962
875 923
875 6956
876 2209
877 1163
877 1289
877 1181
878 1080
878 9667
879 922
879 1348
879 2164
879 4371
881 1227
881 1487
883 2845
884 1044
886 959
886 8602
887 1139
889 1347
889 1350
890 1215
890 6100
892 1331
892 4135
893 1497
894 1085
896 1017
897 8744
898 1212
898 1577
901 1396
902 1209
903 1263
903 1177
905 1309
906 1253
906 9817
908 6788
908 9381
912 933
916 8115
917 8470
918 1320
918 3267
921 8187
925 1178
927 1395
928 1096
928 7609
928 9422
933 5908
933 6363
935 966
935 4502
936 1328
939 2114
940 9033
943 2565
944 1221
944 6866
945 8824
946 6812
947 983
948 1473
948 8435
950 1360
950 2174
950 4837
954 1113
957 1422
958 3756
961 1172
962 1375
963 1478
963 6238
964 1327
966 1063
968 8421
969 1090
969 1006
971 1423
972 3812
973 1019
974 2653
974 7474
975 1026
975 8457
976 1260
976 7304
977 1373
977 2087
977 5925
978 1133
978 1121
979 1101
982 1199
984 1108
985 1361
985 7529
987 1176
987 1443
987 4627
988 6353
989 1082
990 2422
991 9281
992 5835
994 1359
996 1000
997 1479
1002 1046
1002 1047
1002 9642
1003 1369
1004 3731
1006 1107
1006 1220
1008 1294
1008 3479
1011 7119
1018 1241
1019 6501
1019 7969
1026 7189
1027 7143
1028 5353
1030 1582
1032 1466
1033 6069
1037 1216
1038 1178
1039 2163
1041 7001
1041 7544
1042 4490
1045 1229
1048 4631
1049 3417
1049 6559
1053 1799
1056 1366
1057 2972
1057 3510
1058 1421
1058 8454
1060 2502
1061 3163
1061 4815
1062 1123
1062 1157
1063 1443
1063 1465
1063 4537
1065 7170
1068 1129
1069 1391
1069 8268
1070 4630
1074 5377
1082 6127
1082 9708
1085 1164
1085 9256
1086 1240
1086 2631
1087 1476
1087 9815
1091 1367
1093 1655
1093 8974
1099 1396
1100 2303
1101 1484
1103 1394
1105 1264
1110 1141
1110 2301
1111 7016
1112 1279
1118 1491
1118 2799
1120 4048
1121 9389
1122 1256
1128 1480
1130 3200
1132 2696
1132 8503
1133 1410
1133 3638
1133 5652
1136 1152
1136 1235
1136 2359
1141 1487
1141 2325
1141 4073
1142 1784
1143 4578
1148 1354
1151 5754
1151 9658
1154 4006
1154 6698
1156 1159
1157 8735
1159 6163
1160 1972
1162 6134
1164 6780
1167 1920
1168 3596
1169 4646
1170 8280
1174 2142
1174 6145
1177 1307
1178 9466
1181 1253
1181 9602
1185 9318
1186 1390
1186 1418
1187 1381
1188 1404
1188 2854
1188 3805
1194 1460
1194 1216
1195 1463
1196 5981
1196 6126
1199 1344
1200 2750
1201 1379
1201 3521
1202 1302
1204 7983
1205 2893
1208 3115
1210 1397
1210 5956
1211 6206
1215 1353
1216 1575
1216 3573
1216 7227
1217 5152
1217 5720
1220 7820
1221 4509
1222 1457
1222 6557
1224 1246
1225 1697
1225 8110
1228 3321
1230 3004
1232 1467
1235 5543
1236 4463
1236 9363
1240 2035
1240 9830
1243 7128
1246 8423
1246 8834
1248 5210
1249 6521
1250 1403
1250 1466
1250 4976
1253 4136
1256 1387
1256 2850
1256 7139
1259 1279
1260 1448
1263 7808
1264 6612
1265 7728
1266 1321
1266 1302
1269 2854
1272 1486
1274 5353
1275 8150
1277 2814
1277 4491
1282 5211
1290 1364
1292 1586
1292 2381
1293 5853
1294 3687
1296 4565
1297 4927
1306 4350
1315 1427
1315 5774
1318 4450
1319 8500
1321 1353
1321 3064
1322 6385
1324 7969
1327 7119
1330 1380
1330 9698
1331 5284
1339 4344
1339 8638
1341 8091
1343 9634
1344 2080
1346 7930
1361 1445
1362 5481
1362 8984
1364 1474
1364 8539
1370 7378
1372 1394
1372 1418
1374 1425
1376 1449
1376 4696
1376 7114
1380 7725
1387 7978
1388 1414
1388 9012
1388 9060
1395 5831
1397 2570
1403 5396
1404 5216
1405 1463
1410 7361
1410 8129
1411 1560
1411 4256
1412 6841
1413 3775
1414 1727
1414 5548
1415 8107
1419 8615
1420 6365
1420 9829
1423 6532
1426 3963
1426 8364
1427 6862
1427 9432
1432 4739
1435 6656
1438 8383
1444 8250
1450 5632
1450 8017
1451 3804
1452 6282
1459 8543
1460 1493
1462 9742
1466 1702
1467 8778
1471 8773
1474 6856
1475 8375
1479 2182
1480 1481
1483 7506
1496 6561
1497 9270
1498 7717
1500 1501
1500 1538
1501 1502
1538 1537
1502 1503
1503 1504
1504 1505
1505 1506
1506 1507
1507 1508
1508 1509
1509 1510
1510 1511
1511 1512
1512 1513
1513 1514
1513 7115
1514 1515
1515 1516
1516 1517
1517 1518
1518 1519
1519 1520
1520 1521
1521 1522
1522 1523
1523 1524
1524 1525
1525 1526
1526 1527
1527 1528
1528 1529
1529 1530
1530 1531
1531 1532
1532 1533
1533 1534
1534 1535
1535 1536
1536 1537
1539 1540
1539 1573
1540 1541
1573 1572
1541 1542
1542 1543
1543 1544
1544 1545
1545 1546
1546 1547
1547 1548
1548 1549
1549 1550
1550 1551
1551 1552
1552 1553
1553 1554
1554 1555
1555 1556
1556 1557
1557 1558
1558 1559
1559 1560
1560 1561
1561 1562
1562 1563
1563 1564
1564 1565
1565 1566
1566 1567
1567 1568
1568 1569
1569 1570
1570 1571
1571 1572
1574 1575
1574 1580
1575 1576
1580 1579
1576 1577
1577 1578
1578 1579
1581 1582
1581 1587
1582 1583
1587 1586
1583 1584
1584 1585
1585 1586
1588 1589
1588 1616
1589 1590
1616 1615
1590 1591
1591 1592
1592 1593
1593 1594
1594 1595
1595 1596
1596 1597
1597 1598
1598 1599
1599 1600
1600 1601
1601 1602
1602 1603
1603 1604
1604 1605
1605 1606
1606 1607
1607 1608
1608 1609
1609 1610
1610 1611
1611 1612
1612 1613
1613 1614
1614 1615
1617 1618
1617 1658
1618 1619
1658 1657
1619 1620
1620 1621
1621 1622
1622 1623
1623 1624
1624 1625
1625 1626
1626 1627
1627 1628
1628 1629
1629 1630
1630 1631
1630 5188
1631 1632
1632 1633
1633 1634
1634 1635
1635 1636
1636 1637
1637 1638
1638 1639
1639 1640
1640 1641
1641 1642
1642 1643
1643 1644
1644 1645
1645 1646
1646 1647
1647 1648
1648 1649
1649 1650
1650 1651
1651 1652
1652 1653
1653 1654
1654 1655
1655 1656
1656 1657
1659 1660
1659 1680
1660 1661
1680 1679
1661 1662
1662 1663
1663 1664
1664 1665
1665 1666
1666 1667
1667 1668
1668 1669
1669 1670
1670 1671
1671 1672
1672 1673
1673 1674
1674 1675
1675 1676
1676 1677
1677 1678
1678 1679
1681 1682
1681 1698
1682 1683
1698 1697
1683 1684
1684 1685
1685 1686
1686 1687
1687 1688
1688 1689
1688 4540
1689 1690
1690 1691
1691 1692
1692 1693
1693 1694
1694 1695
1695 1696
1696 1697
1699 1700
1699 1729
1700 1701
1729 1728
1701 1702
1702 1703
1703 1704
1704 1705
1705 1706
1706 1707
1707 1708
1708 1709
1709 1710
1710 1711
1711 1712
1712 1713
1713 1714
1714 1715
1715 1716
1716 1717
1717 1718
1718 1719
1719 1720
1720 1721
1721 1722
1722 1723
1723 1724
1724 1725
1725 1726
1726 1727
1727 1728
1730 1731
1730 1732
1731 1732
1732 4979
1733 1734
1733 1775
1734 1735
1775 1774
1735 1736
1736 1737
1737 1738
1738 1739
1739 1740
1740 1741
1741 1742
1742 1743
1743 1744
1744 1745
1745 1746
1745 3204
1746 1747
1747 1748
1747 1861
1748 1749
1749 1750
1750 1751
1751 1752
1752 1753
1753 1754
1754 1755
1755 1756
1756 1757
1757 1758
1758 1759
1759 1760
1760 1761
1761 1762
1762 1763
1763 1764
1764 1765
1765 1766
1766 1767
1767 1768
1768 1769
1769 1770
1770 1771
1771 1772
1772 1773
1773 1774
1776 1777
1776 1794
1777 1778
1794 1793
1778 1779
1779 1780
1780 1781
1781 1782
1782 1783
1783 1784
1784 1785
1784 8197
1785 1786
1786 1787
1787 1788
1788 1789
1789 1790
1790 1791
1791 1792
1792 1793
1795 1796
1795 1817
1796 1797
1817 1816
1797 1798
1798 1799
1799 1800
1800 1801
1801 1802
1802 1803
1803 1804
1804 1805
1805 1806
1806 1807
1807 1808
1808 1809
1809 1810
1810 1811
1811 1812
1812 1813
1813 1814
1814 1815
1815 1816
1818 1819
1818 1859
1819 1820
1859 1858
1820 1821
1821 1822
1822 1823
1823 1824
1824 1825
1825 1826
1826 1827
1827 1828
1828 1829
1829 1830
1830 1831
1831 1832
1832 1833
1833 1834
1834 1835
1835 1836
1836 1837
1837 1838
1838 1839
1839 1840
1840 1841
1841 1842
1842 1843
1843 1844
1844 1845
1845 1846
1846 1847
1847 1848
1848 1849
1849 1850
1850 1851
1851 1852
1852 1853
1853 1854
1854 1855
1855 1856
1856 1857
1857 1858
1860 1861
1860 1866
1861 1862
1866 1865
1862 1863
1863 1864
1864 1865
1867 1868
1867 1890
1868 1869
1890 1889
1869 1870
1870 1871
1871 1872
1872 1873
1873 1874
1874 1875
1875 1876
1876 1877
1877 1878
1878 1879
1879 1880
1880 1881
1881 1882
1882 1883
1883 1884
1884 1885
1885 1886
1886 1887
1887 1888
1888 1889
1891 1892
1891 1917
1892 1893
1917 1916
1893 1894
1894 1895
1895 1896
1896 1897
1897 1898
1898 1899
1899 1900
1900 1901
1901 1902
1902 1903
1903 1904
1904 1905
1905 1906
1906 1907
1907 1908
1908 1909
1908 2782
1909 1910
1910 1911
1911 1912
1912 1913
1913 1914
1914 1915
1915 1916
1915 8348
1918 1919
1918 1923
1919 1920
1923 1922
1920 1921
1921 1922
1924 1925
1924 1951
1925 1926
1951 1950
1926 1927
1927 1928
1928 1929
1929 1930
1930 1931
1931 1932
1932 1933
1933 1934
1934 1935
1935 1936
1936 1937
1937 1938
1938 1939
1939 1940
1940 1941
1941 1942
1942 1943
1943 1944
1944 1945
1945 1946
1946 1947
1947 1948
1948 1949
1949 1950
1952 1953
1952 1986
1953 1954
1986 1985
1954 1955
1955 1956
1956 1957
1957 1958
1958 1959
1959 1960
1960 1961
1961 1962
1962 1963
1963 1964
1964 1965
1965 1966
1966 1967
1967 1968
1968 1969
1969 1970
1969 6404
1970 1971
1971 1972
1972 1973
1973 1974
1974 1975
1975 1976
1976 1977
1977 1978
1978 1979
1979 1980
1980 1981
1981 1982
1982 1983
1983 1984
1984 1985
1987 1988
1987 2019
1988 1989
2019 2018
1989 1990
1990 1991
1991 1992
1992 1993
1993 1994
1994 1995
1995 1996
1996 1997
1997 1998
1998 1999
1999 2000
2000 2001
2001 2002
2002 2003
2003 2004
2004 2005
2005 2006
2006 2007
2007 2008
2008 2009
2009 2010
2010 2011
2011 2012
2012 2013
2013 2014
2014 2015
2015 2016
2016 2017
2017 2018
2020 2021
2020 2039
2021 2022
2021 6031
2039 2038
2022 2023
2023 2024
2024 2025
2025 2026
2026 2027
2027 2028
2028 2029
2029 2030
2030 2031
2031 2032
2032 2033
2033 2034
2034 2035
2035 2036
2036 2037
2037 2038
2040 2041
2040 2046
2041 2042
2046 2045
2042 2043
2043 2044
2044 2045
2047 2048
2047 2080
2048 2049
2080 2079
2049 2050
2050 2051
2051 2052
2052 2053
2053 2054
2054 2055
2055 2056
2056 2057
2057 2058
2058 2059
2059 2060
2060 2061
2061 2062
2062 2063
2063 2064
2064 2065
2065 2066
2066 2067
2067 2068
2068 2069
2069 2070
2070 2071
2071 2072
2072 2073
2073 2074
2074 2075
2075 2076
2075 6278
2076 2077
2077 2078
2078 2079
2081 2082
2081 2088
2082 2083
2088 2087
2083 2084
2084 2085
2085 2086
2086 2087
2089 2090
2089 2099
2090 2091
2099 2098
2091 2092
2092 2093
2093 2094
2094 2095
2095 2096
2096 2097
2096 9302
2097 2098
2100 2101
2100 2118
2101 2102
2118 2117
2102 2103
2103 2104
2104 2105
2105 2106
2106 2107
2107 2108
2108 2109
2109 2110
2110 2111
2111 2112
2112 2113
2113 2114
2114 2115
2115 2116
2116 2117
2119 2120
2119 2159
2120 2121
2159 2158
2121 2122
2122 2123
2123 2124
2124 2125
2125 2126
2126 2127
2127 2128
2128 2129
2129 2130
2130 2131
2131 2132
2132 2133
2133 2134
2134 2135
2135 2136
2136 2137
2137 2138
2138 2139
2139 2140
2140 2141
2141 2142
2142 2143
2143 2144
2144 2145
2145 2146
2146 2147
2147 2148
2148 2149
2149 2150
2150 2151
2151 2152
2152 2153
2153 2154
2154 2155
2155 2156
2156 2157
2157 2158
2160 2161
2160 2167
2161 2162
2167 2166
2162 2163
2163 2164
2164 2165
2165 2166
2168 2169
2168 2188
2169 2170
2188 2187
2170 2171
2171 2172
2172 2173
2173 2174
2174 2175
2175 2176
2176 2177
2177 2178
2178 2179
2179 2180
2180 2181
2181 2182
2182 2183
2183 2184
2184 2185
2185 2186
2186 2187
2189 2190
2189 2227
2190 2191
2227 2226
2191 2192
2192 2193
2193 2194
2194 2195
2195 2196
2196 2197
2197 2198
2198 2199
2199 2200
2200 2201
2201 2202
2202 2203
2203 2204
2204 2205
2205 2206
2206 2207
2207 2208
2208 2209
2209 2210
2210 2211
2211 2212
2212 2213
2213 2214
2214 2215
2215 2216
2216 2217
2217 2218
2218 2219
2219 2220
2220 2221
2221 2222
2222 2223
2223 2224
2224 2225
2225 2226
2228 2229
2228 2270
2229 2230
2270 2269
2230 2231
2231 2232
2232 2233
2233 2234
2234 2235
2235 2236
2236 2237
2237 2238
2238 2239
2239 2240
2240 2241
2241 2242
2242 2243
2243 2244
2244 2245
2244 7135
2245 2246
2246 2247
2247 2248
2248 2249
2249 2250
2250 2251
2251 2252
2252 2253
2253 2254
2254 2255
2255 2256
2256 2257
2257 2258
2258 2259
2259 2260
2260 2261
2261 2262
2262 2263
2263 2264
2264 2265
2265 2266
2266 2267
2267 2268
2268 2269
2271 2272
2271 2309
2272 2273
2309 2308
2273 2274
2274 2275
2275 2276
2276 2277
2277 2278
2278 2279
2279 2280
2280 2281
2281 2282
2282 2283
2283 2284
2284 2285
2285 2286
2286 2287
2287 2288
2288 2289
2289 2290
2290 2291
2291 2292
2292 2293
2293 2294
2294 2295
2295 2296
2296 2297
2297 2298
2298 2299
2299 2300
2300 2301
2301 2302
2302 2303
2303 2304
2304 2305
2305 2306
2306 2307
2307 2308
2310 2311
2310 2341
2311 2312
2341 2340
2312 2313
2312 9153
2313 2314
2314 2315
2315 2316
2316 2317
2317 2318
2318 2319
2319 2320
2320 2321
2321 2322
2322 2323
2323 2324
2324 2325
2325 2326
2326 2327
2327 2328
2328 2329
2329 2330
2330 2331
2331 2332
2332 2333
2333 2334
2334 2335
2335 2336
2336 2337
2337 2338
2338 2339
2339 2340
2342 2343
2342 2377
2343 2344
2377 2376
2344 2345
2345 2346
2346 2347
2347 2348
2348 2349
2349 2350
2350 2351
2351 2352
2352 2353
2353 2354
2354 2355
2355 2356
2356 2357
2357 2358
2358 2359
2359 2360
2360 2361
2361 2362
2362 2363
2363 2364
2364 2365
2365 2366
2366 2367
2367 2368
2367 2974
2368 2369
2369 2370
2370 2371
2371 2372
2372 2373
2373 2374
2374 2375
2375 2376
2378 2379
2378 2401
2379 2380
2401 2400
2380 2381
2381 2382
2382 2383
2383 2384
2384 2385
2385 2386
2386 2387
2387 2388
2388 2389
2389 2390
2390 2391
2391 2392
2392 2393
2393 2394
2394 2395
2395 2396
2396 2397
2397 2398
2398 2399
2399 2400
2402 2403
2402 2426
2403 2404
2426 2425
2404 2405
2405 2406
2406 2407
2407 2408
2408 2409
2409 2410
2410 2411
2411 2412
2412 2413
2413 2414
2414 2415
2415 2416
2416 2417
2417 2418
2418 2419
2419 2420
2420 2421
2421 2422
2422 2423
2423 2424
2424 2425
2427 2428
2427 2465
2428 2429
2465 2464
2429 2430
2430 2431
2431 2432
2432 2433
2433 2434
2434 2435
2435 2436
2436 2437
2437 2438
2438 2439
2439 2440
2440 2441
2441 2442
2442 2443
2443 2444
2444 2445
2445 2446
2446 2447
2447 2448
2448 2449
2449 2450
2450 2451
2451 2452
2452 2453
2453 2454
2454 2455
2455 2456
2456 2457
2457 2458
2458 2459
2459 2460
2460 2461
2461 2462
2462 2463
2463 2464
2466 2467
2466 2501
2467 2468
2501 2500
2468 2469
2469 2470
2470 2471
2471 2472
2472 2473
2473 2474
2474 2475
2475 2476
2475 6564
2476 2477
2477 2478
2478 2479
2479 2480
2480 2481
2481 2482
2482 2483
2483 2484
2484 2485
2485 2486
2486 2487
2487 2488
2488 2489
2489 2490
2490 2491
2491 2492
2492 2493
2493 2494
2494 2495
2495 2496
2496 2497
2497 2498
2498 2499
2499 2500
2502 2503
2502 2506
2503 2504
2506 2505
2506 7260
2504 2505
2507 2508
2507 2516
2508 2509
2516 2515
2509 2510
2510 2511
2511 2512
2512 2513
2513 2514
2513 7895
2514 2515
2517 2518
2517 2519
2518 2519
2518 5731
2519 6660
2520 2521
2520 2562
2521 2522
2562 2561
2522 2523
2523 2524
2524 2525
2525 2526
2526 2527
2527 2528
2528 2529
2529 2530
2530 2531
2531 2532
2532 2533
2533 2534
2534 2535
2535 2536
2536 2537
2537 2538
2538 2539
2539 2540
2540 2541
2541 2542
2542 2543
2543 2544
2544 2545
2545 2546
2546 2547
2547 2548
2548 2549
2549 2550
2550 2551
2551 2552
2552 2553
2553 2554
2554 2555
2555 2556
2556 2557
2557 2558
2558 2559
2559 2560
2560 2561
2563 2564
2563 2570
2564 2565
2570 2569
2565 2566
2566 2567
2567 2568
2568 2569
2571 2572
2571 2609
2572 2573
2609 2608
2573 2574
2574 2575
2575 2576
2576 2577
2576 8096
2577 2578
2578 2579
2579 2580
2580 2581
2581 2582
2582 2583
2583 2584
2584 2585
2585 2586
2586 2587
2587 2588
2588 2589
2589 2590
2590 2591
2591 2592
2592 2593
2593 2594
2594 2595
2595 2596
2596 2597
2597 2598
2598 2599
2599 2600
2600 2601
2601 2602
2602 2603
2603 2604
2604 2605
2605 2606
2606 2607
2607 2608
2610 2611
2610 2645
2611 2612
2645 2644
2612 2613
2613 2614
2614 2615
2615 2616
2616 2617
2617 2618
2618 2619
2619 2620
2620 2621
2621 2622
2622 2623
2623 2624
2624 2625
2625 2626
2626 2627
2626 5105
2627 2628
2628 2629
2629 2630
2630 2631
2631 2632
2632 2633
2633 2634
2634 2635
2635 2636
2636 2637
2637 2638
2638 2639
2639 2640
2640 2641
2641 2642
2642 2643
2643 2644
2646 2647
2646 2660
2647 2648
2660 2659
2648 2649
2649 2650
2650 2651
2651 2652
2652 2653
2653 2654
2654 2655
2655 2656
2656 2657
2657 2658
2658 2659
2661 2662
2661 2680
2662 2663
2680 2679
2663 2664
2664 2665
2665 2666
2666 2667
2667 2668
2667 3342
2668 2669
2669 2670
2670 2671
2671 2672
2672 2673
2673 2674
2674 2675
2675 2676
2676 2677
2677 2678
2678 2679
2681 2682
2681 2703
2682 2683
2703 2702
2683 2684
2684 2685
2685 2686
2686 2687
2687 2688
2688 2689
2689 2690
2690 2691
2691 2692
2692 2693
2693 2694
2694 2695
2695 2696
2696 2697
2697 2698
2698 2699
2699 2700
2700 2701
2701 2702
2704 2705
2704 2738
2705 2706
2738 2737
2706 2707
2707 2708
2708 2709
2709 2710
2710 2711
2711 2712
2712 2713
2713 2714
2714 2715
2715 2716
2716 2717
2717 2718
2718 2719
2719 2720
2720 2721
2721 2722
2722 2723
2723 2724
2724 2725
2725 2726
2726 2727
2727 2728
2728 2729
2729 2730
2730 2731
2731 2732
2732 2733
2733 2734
2734 2735
2735 2736
2736 2737
2739 2740
2739 2748
2740 2741
2748 2747
2741 2742
2742 2743
2743 2744
2744 2745
2745 2746
2746 2747
2749 2750
2749 2776
2750 2751
2776 2775
2751 2752
2752 2753
2753 2754
2754 2755
2755 2756
2756 2757
2757 2758
2758 2759
2759 2760
2760 2761
2761 2762
2762 2763
2763 2764
2764 2765
2765 2766
2766 2767
2767 2768
2768 2769
2769 2770
2770 2771
2771 2772
2772 2773
2773 2774
2774 2775
2777 2778
2777 2791
2778 2779
2791 2790
2779 2780
2780 2781
2781 2782
2782 2783
2783 2784
2784 2785
2785 2786
2786 2787
2787 2788
2788 2789
2789 2790
2792 2793
2792 2801
2792 8389
2793 2794
2801 2800
2794 2795
2795 2796
2796 2797
2797 2798
2798 2799
2799 2800
2802 2803
2802 2815
2803 2804
2815 2814
2804 2805
2805 2806
2806 2807
2807 2808
2808 2809
2809 2810
2810 2811
2811 2812
2812 2813
2813 2814
2816 2817
2816 2843
2817 2818
2843 2842
2818 2819
2819 2820
2820 2821
2821 2822
2822 2823
2823 2824
2824 2825
2825 2826
2826 2827
2827 2828
2828 2829
2829 2830
2830 2831
2831 2832
2832 2833
2833 2834
2834 2835
2835 2836
2836 2837
2837 2838
2838 2839
2839 2840
2840 2841
2841 2842
2844 2845
2844 2851
2845 2846
2851 2850
2846 2847
2847 2848
2848 2849
2849 2850
2852 2853
2852 2856
2853 2854
2856 2855
2854 2855
2857 2858
2857 2871
2858 2859
2871 2870
2859 2860
2859 6158
2860 2861
2861 2862
2862 2863
2863 2864
2864 2865
2865 2866
2866 2867
2867 2868
2868 2869
2869 2870
2872 2873
2872 2895
2873 2874
2895 2894
2874 2875
2875 2876
2876 2877
2877 2878
2878 2879
2879 2880
2880 2881
2881 2882
2882 2883
2883 2884
2884 2885
2885 2886
2886 2887
2887 2888
2888 2889
2889 2890
2890 2891
2891 2892
2892 2893
2893 2894
2896 2897
2896 2899
2897 2898
2899 2898
2900 2901
2900 2922
2901 2902
2922 2921
2902 2903
2903 2904
2904 2905
2905 2906
2906 2907
2907 2908
2908 2909
2909 2910
2910 2911
2911 2912
2912 2913
2913 2914
2914 2915
2915 2916
2916 2917
2917 2918
2918 2919
2919 2920
2920 2921
2923 2924
2923 2929
2924 2925
2929 2928
2925 2926
2926 2927
2926 4670
2927 2928
2930 2931
2930 2970
2931 2932
2970 2969
2932 2933
2933 2934
2934 2935
2935 2936
2936 2937
2937 2938
2938 2939
2939 2940
2940 2941
2941 2942
2942 2943
2943 2944
2944 2945
2945 2946
2946 2947
2947 2948
2947 7988
2948 2949
2949 2950
2950 2951
2951 2952
2952 2953
2953 2954
2954 2955
2955 2956
2956 2957
2957 2958
2958 2959
2959 2960
2960 2961
2961 2962
2962 2963
2963 2964
2964 2965
2965 2966
2966 2967
2967 2968
2968 2969
2971 2972
2971 2978
2972 2973
2978 2977
2973 2974
2974 2975
2975 2976
2976 2977
2979 2980
2979 2987
2979 5202
2980 2981
2987 2986
2981 2982
2982 2983
2983 2984
2984 2985
2985 2986
2988 2989
2988 2998
2989 2990
2998 2997
2998 4703
2990 2991
2991 2992
2992 2993
2993 2994
2993 7370
2994 2995
2995 2996
2996 2997
2999 3000
2999 3029
3000 3001
3029 3028
3001 3002
3002 3003
3003 3004
3004 3005
3005 3006
3006 3007
3007 3008
3007 7274
3008 3009
3009 3010
3010 3011
3011 3012
3012 3013
3013 3014
3014 3015
3015 3016
3016 3017
3017 3018
3018 3019
3019 3020
3020 3021
3021 3022
3022 3023
3023 3024
3024 3025
3025 3026
3026 3027
3027 3028
3030 3031
3030 3039
3031 3032
3039 3038
3032 3033
3033 3034
3034 3035
3035 3036
3036 3037
3037 3038
3040 3041
3040 3068
3041 3042
3068 3067
3042 3043
3043 3044
3044 3045
3045 3046
3046 3047
3047 3048
3048 3049
3049 3050
3050 3051
3051 3052
3052 3053
3053 3054
3054 3055
3055 3056
3056 3057
3057 3058
3058 3059
3059 3060
3060 3061
3061 3062
3062 3063
3063 3064
3064 3065
3065 3066
3066 3067
3069 3070
3069 3102
3070 3071
3102 3101
3071 3072
3072 3073
3073 3074
3074 3075
3075 3076
3076 3077
3077 3078
3078 3079
3079 3080
3080 3081
3081 3082
3082 3083
3083 3084
3084 3085
3085 3086
3086 3087
3087 3088
3088 3089
3089 3090
3090 3091
3091 3092
3092 3093
3093 3094
3094 3095
3095 3096
3096 3097
3097 3098
3098 3099
3099 3100
3100 3101
3103 3104
3103 3111
3104 3105
3111 3110
3105 3106
3106 3107
3107 3108
3108 3109
3109 3110
3109 7929
3112 3113
3112 3117
3113 3114
3117 3116
3114 3115
3115 3116
3118 3119
3118 3136
3119 3120
3136 3135
3120 3121
3121 3122
3122 3123
3123 3124
3124 3125
3125 3126
3126 3127
3127 3128
3128 3129
3129 3130
3130 3131
3130 7550
3131 3132
3132 3133
3133 3134
3134 3135
3137 3138
3137 3170
3138 3139
3170 3169
3139 3140
3140 3141
3141 3142
3142 3143
3143 3144
3144 3145
3145 3146
3146 3147
3147 3148
3148 3149
3149 3150
3150 3151
3151 3152
3152 3153
3153 3154
3154 3155
3155 3156
3156 3157
3157 3158
3158 3159
3159 3160
3160 3161
3161 3162
3162 3163
3163 3164
3164 3165
3165 3166
3166 3167
3167 3168
3168 3169
3171 3172
3171 3179
3172 3173
3179 3178
3173 3174
3174 3175
3175 3176
3176 3177
3177 3178
3180 3181
3180 3220
3181 3182
3220 3219
3182 3183
3183 3184
3184 3185
3185 3186
3186 3187
3187 3188
3188 3189
3189 3190
3190 3191
3191 3192
3192 3193
3193 3194
3194 3195
3195 3196
3196 3197
3197 3198
3198 3199
3199 3200
3200 3201
3201 3202
3202 3203
3203 3204
3204 3205
3205 3206
3206 3207
3207 3208
3208 3209
3209 3210
3210 3211
3211 3212
3212 3213
3213 3214
3214 3215
3215 3216
3216 3217
3217 3218
3218 3219
3221 3222
3221 3259
3222 3223
3259 3258
3223 3224
3224 3225
3225 3226
3226 3227
3227 3228
3228 3229
3229 3230
3230 3231
3231 3232
3232 3233
3233 3234
3234 3235
3235 3236
3236 3237
3237 3238
3238 3239
3239 3240
3240 3241
3241 3242
3242 3243
3243 3244
3244 3245
3245 3246
3246 3247
3247 3248
3248 3249
3249 3250
3250 3251
3251 3252
3252 3253
3253 3254
3254 3255
3255 3256
3256 3257
3257 3258
3260 3261
3260 3285
3261 3262
3285 3284
3262 3263
3263 3264
3264 3265
3265 3266
3266 3267
3267 3268
3268 3269
3269 3270
3270 3271
3271 3272
3272 3273
3273 3274
3274 3275
3275 3276
3276 3277
3277 3278
3278 3279
3279 3280
3280 3281
3281 3282
3282 3283
3283 3284
3286 3287
3286 3294
3287 3288
3294 3293
3288 3289
3289 3290
3290 3291
3291 3292
3292 3293
3295 3296
3295 3311
3295 7284
3296 3297
3311 3310
3297 3298
3298 3299
3299 3300
3300 3301
3301 3302
3302 3303
3303 3304
3304 3305
3305 3306
3306 3307
3307 3308
3308 3309
3309 3310
3312 3313
3312 3324
3313 3314
3324 3323
3314 3315
3314 8983
3315 3316
3316 3317
3317 3318
3318 3319
3319 3320
3320 3321
3321 3322
3322 3323
3325 3326
3325 3356
3326 3327
3356 3355
3327 3328
3328 3329
3329 3330
3329 5953
3330 3331
3331 3332
3332 3333
3333 3334
3334 3335
3335 3336
3336 3337
3337 3338
3338 3339
3339 3340
3340 3341
3341 3342
3342 3343
3343 3344
3344 3345
3345 3346
3346 3347
3347 3348
3348 3349
3349 3350
3350 3351
3351 3352
3352 3353
3353 3354
3354 3355
3357 3358
3357 3394
3358 3359
3394 3393
3359 3360
3360 3361
3361 3362
3362 3363
3363 3364
3364 3365
3365 3366
3366 3367
3367 3368
3368 3369
3369 3370
3370 3371
3371 3372
3372 3373
3373 3374
3374 3375
3375 3376
3376 3377
3377 3378
3378 3379
3379 3380
3380 3381
3381 3382
3382 3383
3383 3384
3384 3385
3385 3386
3386 3387
3387 3388
3388 3389
3389 3390
3390 3391
3391 3392
3392 3393
3395 3396
3395 3423
3396 3397
3423 3422
3397 3398
3398 3399
3399 3400
3400 3401
3401 3402
3402 3403
3403 3404
3404 3405
3405 3406
3406 3407
3407 3408
3408 3409
3409 3410
3410 3411
3411 3412
3412 3413
3413 3414
3414 3415
3415 3416
3416 3417
3417 3418
3418 3419
3419 3420
3420 3421
3421 3422
3424 3425
3424 3452
3425 3426
3452 3451
3426 3427
3427 3428
3428 3429
3429 3430
3430 3431
3431 3432
3432 3433
3433 3434
3434 3435
3435 3436
3436 3437
3437 3438
3438 3439
3439 3440
3440 3441
3441 3442
3442 3443
3443 3444
3444 3445
3445 3446
3446 3447
3447 3448
3448 3449
3449 3450
3450 3451
3453 3454
3453 3462
3454 3455
3462 3461
3455 3456
3456 3457
3457 3458
3458 3459
3459 3460
3460 3461
3463 3464
3463 3502
3464 3465
3502 3501
3465 3466
3466 3467
3467 3468
3468 3469
3469 3470
3470 3471
3471 3472
3472 3473
3473 3474
3474 3475
3475 3476
3476 3477
3477 3478
3478 3479
3479 3480
3480 3481
3481 3482
3482 3483
3483 3484
3484 3485
3485 3486
3486 3487
3487 3488
3488 3489
3489 3490
3490 3491
3491 3492
3492 3493
3493 3494
3494 3495
3495 3496
3496 3497
3497 3498
3498 3499
3499 3500
3500 3501
3503 3504
3503 3510
3504 3505
3510 3509
3505 3506
3506 3507
3507 3508
3508 3509
3511 3512
3511 3538
3512 3513
3538 3537
3513 3514
3514 3515
3515 3516
3515 6109
3516 3517
3517 3518
3518 3519
3519 3520
3520 3521
3521 3522
3522 3523
3523 3524
3524 3525
3525 3526
3526 3527
3527 3528
3528 3529
3529 3530
3530 3531
3531 3532
3532 3533
3533 3534
3534 3535
3535 3536
3536 3537
3539 3540
3539 3580
3540 3541
3580 3579
3541 3542
3542 3543
3543 3544
3544 3545
3545 3546
3546 3547
3547 3548
3548 3549
3549 3550
3550 3551
3551 3552
3552 3553
3553 3554
3554 3555
3555 3556
3556 3557
3557 3558
3558 3559
3559 3560
3560 3561
3561 3562
3562 3563
3563 3564
3564 3565
3565 3566
3566 3567
3567 3568
3568 3569
3569 3570
3570 3571
3571 3572
3572 3573
3573 3574
3574 3575
3575 3576
3576 3577
3577 3578
3578 3579
3581 3582
3581 3617
3582 3583
3617 3616
3583 3584
3584 3585
3585 3586
3586 3587
3587 3588
3588 3589
3589 3590
3590 3591
3591 3592
3592 3593
3593 3594
3594 3595
3595 3596
3596 3597
3597 3598
3598 3599
3599 3600
3600 3601
3601 3602
3602 3603
3603 3604
3604 3605
3605 3606
3606 3607
3607 3608
3608 3609
3609 3610
3610 3611
3611 3612
3612 3613
3613 3614
3614 3615
3615 3616
3618 3619
3618 3634
3619 3620
3634 3633
3620 3621
3621 3622
3622 3623
3623 3624
3624 3625
3625 3626
3626 3627
3627 3628
3628 3629
3629 3630
3630 3631
3631 3632
3631 9525
3632 3633
3635 3636
3635 3641
3635 4305
3636 3637
3641 3640
3637 3638
3638 3639
3639 3640
3642 3643
3642 3652
3643 3644
3652 3651
3644 3645
3645 3646
3646 3647
3647 3648
3648 3649
3649 3650
3650 3651
3653 3654
3653 3684
3654 3655
3684 3683
3655 3656
3656 3657
3657 3658
3658 3659
3659 3660
3660 3661
3661 3662
3662 3663
3663 3664
3664 3665
3665 3666
3666 3667
3667 3668
3668 3669
3669 3670
3670 3671
3671 3672
3672 3673
3673 3674
3674 3675
3675 3676
3676 3677
3677 3678
3678 3679
3679 3680
3680 3681
3681 3682
3682 3683
3685 3686
3685 3723
3686 3687
3723 3722
3687 3688
3688 3689
3689 3690
3690 3691
3691 3692
3692 3693
3693 3694
3694 3695
3695 3696
3696 3697
3697 3698
3698 3699
3699 3700
3700 3701
3701 3702
3702 3703
3703 3704
3704 3705
3705 3706
3706 3707
3707 3708
3708 3709
3709 3710
3710 3711
3711 3712
3712 3713
3713 3714
3714 3715
3715 3716
3716 3717
3717 3718
3718 3719
3719 3720
3720 3721
3721 3722
3724 3725
3724 3743
3725 3726
3743 3742
3726 3727
3727 3728
3728 3729
3729 3730
3730 3731
3731 3732
3732 3733
3733 3734
3734 3735
3735 3736
3736 3737
3737 3738
3738 3739
3739 3740
3740 3741
3741 3742
3744 3745
3744 3763
3745 3746
3763 3762
3746 3747
3747 3748
3748 3749
3749 3750
3750 3751
3751 3752
3752 3753
3753 3754
3754 3755
3755 3756
3756 3757
3757 3758
3758 3759
3759 3760
3760 3761
3761 3762
3764 3765
3764 3803
3765 3766
3803 3802
3766 3767
3767 3768
3768 3769
3769 3770
3770 3771
3771 3772
3772 3773
3773 3774
3774 3775
3775 3776
3776 3777
3777 3778
3778 3779
3779 3780
3780 3781
3781 3782
3782 3783
3783 3784
3784 3785
3785 3786
3786 3787
3787 3788
3788 3789
3788 5158
3789 3790
3790 3791
3791 3792
3792 3793
3793 3794
3794 3795
3795 3796
3796 3797
3797 3798
3798 3799
3799 3800
3800 3801
3801 3802
3804 3805
3804 3813
3805 3806
3813 3812
3806 3807
3807 3808
3808 3809
3809 3810
3809 9545
3810 3811
3811 3812
3814 3815
3814 3854
3815 3816
3854 3853
3816 3817
3817 3818
3818 3819
3819 3820
3820 3821
3821 3822
3822 3823
3823 3824
3824 3825
3825 3826
3826 3827
3827 3828
3828 3829
3829 3830
3830 3831
3831 3832
3832 3833
3833 3834
3834 3835
3835 3836
3836 3837
3837 3838
3838 3839
3839 3840
3840 3841
3841 3842
3842 3843
3843 3844
3844 3845
3845 3846
3845 4837
3846 3847
3847 3848
3848 3849
3849 3850
3850 3851
3851 3852
3852 3853
3855 3856
3855 3897
3856 3857
3897 3896
3857 3858
3858 3859
3859 3860
3860 3861
3861 3862
3862 3863
3863 3864
3864 3865
3865 3866
3866 3867
3867 3868
3868 3869
3869 3870
3870 3871
3871 3872
3872 3873
3873 3874
3874 3875
3875 3876
3876 3877
3876 4189
3877 3878
3878 3879
3879 3880
3880 3881
3881 3882
3881 6763
3882 3883
3883 3884
3884 3885
3885 3886
3886 3887
3887 3888
3888 3889
3889 3890
3890 3891
3891 3892
3892 3893
3893 3894
3894 3895
3895 3896
3898 3899
3898 3938
3899 3900
3938 3937
3900 3901
3901 3902
3902 3903
3903 3904
3904 3905
3905 3906
3906 3907
3907 3908
3908 3909
3909 3910
3910 3911
3911 3912
3912 3913
3913 3914
3914 3915
3915 3916
3916 3917
3917 3918
3918 3919
3919 3920
3920 3921
3921 3922
3922 3923
3923 3924
3924 3925
3925 3926
3926 3927
3927 3928
3928 3929
3929 3930
3930 3931
3931 3932
3932 3933
3933 3934
3934 3935
3935 3936
3936 3937
3939 3940
3939 3980
3940 3941
3980 3979
3941 3942
3942 3943
3943 3944
3944 3945
3945 3946
3946 3947
3947 3948
3948 3949
3949 3950
3950 3951
3951 3952
3952 3953
3953 3954
3954 3955
3955 3956
3956 3957
3957 3958
3958 3959
3959 3960
3960 3961
3961 3962
3962 3963
3963 3964
3964 3965
3965 3966
3966 3967
3967 3968
3968 3969
3969 3970
3970 3971
3971 3972
3972 3973
3973 3974
3974 3975
3975 3976
3976 3977
3977 3978
3978 3979
3981 3982
3981 4002
3982 3983
4002 4001
3983 3984
3984 3985
3985 3986
3986 3987
3987 3988
3988 3989
3989 3990
3990 3991
3991 3992
3992 3993
3993 3994
3994 3995
3995 3996
3996 3997
3997 3998
3998 3999
3999 4000
4000 4001
4003 4004
4003 4030
4004 4005
4030 4029
4005 4006
4006 4007
4007 4008
4008 4009
4009 4010
4010 4011
4011 4012
4012 4013
4013 4014
4014 4015
4015 4016
4016 4017
4017 4018
4018 4019
4019 4020
4020 4021
4021 4022
4022 4023
4023 4024
4024 4025
4025 4026
4026 4027
4027 4028
4028 4029
4031 4032
4031 4069
4032 4033
4069 4068
4033 4034
4034 4035
4035 4036
4036 4037
4037 4038
4038 4039
4039 4040
4040 4041
4041 4042
4042 4043
4043 4044
4044 4045
4045 4046
4046 4047
4047 4048
4048 4049
4049 4050
4050 4051
4051 4052
4052 4053
4053 4054
4054 4055
4055 4056
4056 4057
4057 4058
4058 4059
4059 4060
4060 4061
4061 4062
4062 4063
4063 4064
4064 4065
4065 4066
4066 4067
4067 4068
4070 4071
4070 4084
4071 4072
4084 4083
4072 4073
4073 4074
4074 4075
4075 4076
4076 4077
4077 4078
4078 4079
4079 4080
4080 4081
4081 4082
4082 4083
4085 4086
4085 4103
4085 4980
4086 4087
4103 4102
4087 4088
4088 4089
4089 4090
4090 4091
4091 4092
4092 4093
4093 4094
4094 4095
4095 4096
4096 4097
4097 4098
4098 4099
4099 4100
4100 4101
4101 4102
4104 4105
4104 4133
4105 4106
4133 4132
4106 4107
4107 4108
4108 4109
4109 4110
4110 4111
4111 4112
4112 4113
4113 4114
4114 4115
4115 4116
4116 4117
4117 4118
4118 4119
4119 4120
4120 4121
4121 4122
4122 4123
4123 4124
4124 4125
4125 4126
4126 4127
4127 4128
4128 4129
4129 4130
4130 4131
4131 4132
4134 4135
4134 4136
4135 4136
4137 4138
4137 4172
4138 4139
4172 4171
4139 4140
4140 4141
4141 4142
4142 4143
4143 4144
4144 4145
4145 4146
4146 4147
4147 4148
4148 4149
4149 4150
4150 4151
4151 4152
4152 4153
4153 4154
4154 4155
4155 4156
4156 4157
4157 4158
4158 4159
4159 4160
4160 4161
4161 4162
4162 4163
4163 4164
4164 4165
4165 4166
4166 4167
4167 4168
4168 4169
4169 4170
4170 4171
4173 4174
4173 4187
4174 4175
4187 4186
4175 4176
4176 4177
4177 4178
4178 4179
4179 4180
4180 4181
4181 4182
4182 4183
4183 4184
4184 4185
4185 4186
4188 4189
4188 4194
4189 4190
4194 4193
4190 4191
4191 4192
4192 4193
4195 4196
4195 4229
4196 4197
4229 4228
4197 4198
4198 4199
4199 4200
4200 4201
4201 4202
4202 4203
4203 4204
4204 4205
4205 4206
4206 4207
4207 4208
4208 4209
4209 4210
4210 4211
4211 4212
4212 4213
4213 4214
4214 4215
4215 4216
4216 4217
4217 4218
4218 4219
4219 4220
4220 4221
4221 4222
4222 4223
4223 4224
4224 4225
4225 4226
4226 4227
4227 4228
4230 4231
4230 4246
4231 4232
4246 4245
4232 4233
4233 4234
4234 4235
4235 4236
4236 4237
4237 4238
4238 4239
4239 4240
4240 4241
4241 4242
4242 4243
4243 4244
4244 4245
4247 4248
4247 4277
4248 4249
4277 4276
4249 4250
4250 4251
4251 4252
4252 4253
4253 4254
4254 4255
4255 4256
4256 4257
4257 4258
4258 4259
4259 4260
4260 4261
4261 4262
4262 4263
4263 4264
4264 4265
4265 4266
4266 4267
4267 4268
4268 4269
4269 4270
4270 4271
4271 4272
4272 4273
4273 4274
4274 4275
4275 4276
4278 4279
4278 4313
4279 4280
4313 4312
4280 4281
4281 4282
4282 4283
4283 4284
4284 4285
4285 4286
4286 4287
4287 4288
4288 4289
4289 4290
4290 4291
4291 4292
4292 4293
4293 4294
4294 4295
4295 4296
4296 4297
4297 4298
4298 4299
4299 4300
4300 4301
4301 4302
4302 4303
4303 4304
4304 4305
4305 4306
4306 4307
4306 7779
4307 4308
4308 4309
4309 4310
4310 4311
4311 4312
4314 4315
4314 4324
4315 4316
4324 4323
4316 4317
4317 4318
4317 8400
4318 4319
4319 4320
4320 4321
4321 4322
4322 4323
4325 4326
4325 4351
4326 4327
4351 4350
4327 4328
4328 4329
4329 4330
4330 4331
4331 4332
4332 4333
4333 4334
4334 4335
4335 4336
4336 4337
4337 4338
4338 4339
4339 4340
4340 4341
4341 4342
4342 4343
4343 4344
4344 4345
4345 4346
4346 4347
4347 4348
4348 4349
4349 4350
4352 4353
4352 4393
4353 4354
4393 4392
4354 4355
4355 4356
4356 4357
4357 4358
4358 4359
4359 4360
4360 4361
4361 4362
4362 4363
4363 4364
4364 4365
4365 4366
4366 4367
4367 4368
4368 4369
4369 4370
4370 4371
4371 4372
4372 4373
4373 4374
4374 4375
4375 4376
4376 4377
4377 4378
4378 4379
4379 4380
4380 4381
4381 4382
4382 4383
4383 4384
4384 4385
4385 4386
4386 4387
4387 4388
4388 4389
4389 4390
4390 4391
4391 4392
4394 4395
4394 4420
4395 4396
4420 4419
4396 4397
4397 4398
4398 4399
4399 4400
4400 4401
4401 4402
4402 4403
4403 4404
4404 4405
4405 4406
4406 4407
4407 4408
4408 4409
4409 4410
4410 4411
4411 4412
4412 4413
4413 4414
4414 4415
4415 4416
4416 4417
4417 4418
4418 4419
4421 4422
4421 4462
4422 4423
4422 8581
4462 4461
4423 4424
4424 4425
4425 4426
4426 4427
4427 4428
4428 4429
4429 4430
4430 4431
4431 4432
4432 4433
4433 4434
4434 4435
4435 4436
4436 4437
4437 4438
4438 4439
4439 4440
4440 4441
4441 4442
4442 4443
4443 4444
4444 4445
4445 4446
4446 4447
4447 4448
4448 4449
4449 4450
4450 4451
4451 4452
4452 4453
4453 4454
4454 4455
4455 4456
4456 4457
4457 4458
4458 4459
4459 4460
4460 4461
4463 4464
4463 4488
4464 4465
4488 4487
4465 4466
4466 4467
4467 4468
4468 4469
4469 4470
4470 4471
4471 4472
4472 4473
4473 4474
4474 4475
4475 4476
4476 4477
4477 4478
4478 4479
4479 4480
4480 4481
4481 4482
4482 4483
4482 5942
4483 4484
4484 4485
4485 4486
4486 4487
4489 4490
4489 4493
4490 4491
4493 4492
4491 4492
4494 4495
4494 4506
4495 4496
4506 4505
4496 4497
4497 4498
4498 4499
4499 4500
4500 4501
4501 4502
4502 4503
4503 4504
4504 4505
4507 4508
4507 4522
4508 4509
4522 4521
4509 4510
4510 4511
4511 4512
4512 4513
4513 4514
4514 4515
4515 4516
4516 4517
4517 4518
4517 8462
4518 4519
4519 4520
4520 4521
4523 4524
4523 4550
4524 4525
4550 4549
4525 4526
4526 4527
4527 4528
4528 4529
4529 4530
4530 4531
4531 4532
4532 4533
4533 4534
4534 4535
4535 4536
4536 4537
4537 4538
4538 4539
4539 4540
4540 4541
4541 4542
4542 4543
4543 4544
4544 4545
4545 4546
4546 4547
4547 4548
4548 4549
4551 4552
4551 4565
4552 4553
4565 4564
4553 4554
4554 4555
4555 4556
4556 4557
4557 4558
4558 4559
4559 4560
4560 4561
4561 4562
4562 4563
4563 4564
4566 4567
4566 4587
4567 4568
4587 4586
4568 4569
4569 4570
4570 4571
4571 4572
4572 4573
4573 4574
4574 4575
4575 4576
4576 4577
4577 4578
4578 4579
4579 4580
4580 4581
4581 4582
4582 4583
4583 4584
4584 4585
4585 4586
4588 4589
4588 4623
4589 4590
4623 4622
4590 4591
4591 4592
4592 4593
4593 4594
4594 4595
4595 4596
4596 4597
4597 4598
4598 4599
4599 4600
4600 4601
4601 4602
4602 4603
4603 4604
4604 4605
4605 4606
4606 4607
4607 4608
4608 4609
4609 4610
4610 4611
4611 4612
4612 4613
4613 4614
4614 4615
4615 4616
4616 4617
4617 4618
4618 4619
4619 4620
4620 4621
4621 4622
4624 4625
4624 4630
4625 4626
4630 4629
4626 4627
4626 6044
4627 4628
4628 4629
4631 4632
4631 4639
4631 7448
4632 4633
4639 4638
4633 4634
4634 4635
4635 4636
4636 4637
4637 4638
4640 4641
4640 4646
4641 4642
4646 4645
4642 4643
4643 4644
4644 4645
4647 4648
4647 4672
4648 4649
4672 4671
4649 4650
4650 4651
4651 4652
4652 4653
4653 4654
4654 4655
4655 4656
4656 4657
4657 4658
4658 4659
4659 4660
4659 5746
4660 4661
4661 4662
4662 4663
4663 4664
4664 4665
4665 4666
4666 4667
4667 4668
4668 4669
4669 4670
4670 4671
4673 4674
4673 4707
4674 4675
4707 4706
4675 4676
4676 4677
4677 4678
4678 4679
4679 4680
4680 4681
4681 4682
4682 4683
4683 4684
4684 4685
4685 4686
4686 4687
4687 4688
4688 4689
4689 4690
4690 4691
4691 4692
4692 4693
4693 4694
4694 4695
4695 4696
4696 4697
4697 4698
4698 4699
4699 4700
4700 4701
4701 4702
4702 4703
4703 4704
4704 4705
4705 4706
4708 4709
4708 4737
4709 4710
4737 4736
4710 4711
4711 4712
4712 4713
4713 4714
4714 4715
4715 4716
4716 4717
4717 4718
4718 4719
4719 4720
4720 4721
4721 4722
4722 4723
4723 4724
4724 4725
4725 4726
4726 4727
4727 4728
4728 4729
4729 4730
4730 4731
4731 4732
4732 4733
4733 4734
4734 4735
4735 4736
4738 4739
4738 4760
4739 4740
4760 4759
4740 4741
4741 4742
4742 4743
4743 4744
4743 9649
4744 4745
4745 4746
4746 4747
4747 4748
4748 4749
4749 4750
4750 4751
4751 4752
4752 4753
4753 4754
4754 4755
4755 4756
4756 4757
4757 4758
4758 4759
4761 4762
4761 4783
4762 4763
4783 4782
4763 4764
4764 4765
4765 4766
4766 4767
4767 4768
4768 4769
4769 4770
4770 4771
4771 4772
4772 4773
4773 4774
4774 4775
4775 4776
4776 4777
4777 4778
4778 4779
4779 4780
4780 4781
4781 4782
4784 4785
4784 4800
4785 4786
4800 4799
4786 4787
4787 4788
4788 4789
4789 4790
4790 4791
4791 4792
4792 4793
4793 4794
4794 4795
4795 4796
4796 4797
4797 4798
4798 4799
4801 4802
4801 4836
4802 4803
4836 4835
4803 4804
4804 4805
4805 4806
4806 4807
4807 4808
4808 4809
4809 4810
4810 4811
4811 4812
4812 4813
4813 4814
4813 5453
4814 4815
4815 4816
4816 4817
4817 4818
4818 4819
4819 4820
4820 4821
4821 4822
4822 4823
4823 4824
4824 4825
4825 4826
4826 4827
4827 4828
4828 4829
4829 4830
4830 4831
4831 4832
4832 4833
4833 4834
4834 4835
4837 4838
4837 4842
4838 4839
4842 4841
4839 4840
4840 4841
4843 4844
4843 4877
4844 4845
4877 4876
4845 4846
4846 4847
4847 4848
4848 4849
4849 4850
4850 4851
4851 4852
4852 4853
4853 4854
4854 4855
4855 4856
4856 4857
4857 4858
4858 4859
4859 4860
4860 4861
4861 4862
4862 4863
4863 4864
4864 4865
4865 4866
4866 4867
4867 4868
4868 4869
4869 4870
4870 4871
4871 4872
4872 4873
4873 4874
4874 4875
4875 4876
4878 4879
4878 4902
4879 4880
4902 4901
4880 4881
4881 4882
4882 4883
4883 4884
4884 4885
4885 4886
4886 4887
4887 4888
4888 4889
4889 4890
4890 4891
4891 4892
4892 4893
4893 4894
4894 4895
4895 4896
4896 4897
4897 4898
4898 4899
4899 4900
4900 4901
4903 4904
4903 4923
4904 4905
4923 4922
4905 4906
4906 4907
4907 4908
4908 4909
4909 4910
4909 8488
4910 4911
4911 4912
4912 4913
4913 4914
4914 4915
4915 4916
4916 4917
4917 4918
4918 4919
4919 4920
4920 4921
4921 4922
4924 4925
4924 4942
4925 4926
4942 4941
4926 4927
4927 4928
4928 4929
4929 4930
4930 4931
4931 4932
4932 4933
4933 4934
4934 4935
4935 4936
4936 4937
4937 4938
4938 4939
4939 4940
4940 4941
4943 4944
4943 4970
4944 4945
4970 4969
4945 4946
4946 4947
4947 4948
4948 4949
4949 4950
4950 4951
4951 4952
4952 4953
4953 4954
4954 4955
4955 4956
4956 4957
4957 4958
4958 4959
4959 4960
4960 4961
4961 4962
4962 4963
4963 4964
4964 4965
4965 4966
4966 4967
4967 4968
4968 4969
4971 4972
4971 4977
4972 4973
4972 7509
4977 4976
4973 4974
4974 4975
4975 4976
4978 4979
4978 5008
4979 4980
5008 5007
4980 4981
4981 4982
4982 4983
4983 4984
4984 4985
4985 4986
4986 4987
4987 4988
4988 4989
4989 4990
4990 4991
4991 4992
4992 4993
4993 4994
4994 4995
4995 4996
4996 4997
4997 4998
4998 4999
4999 5000
5000 5001
5001 5002
5002 5003
5003 5004
5004 5005
5005 5006
5006 5007
5007 6764
5009 5010
5009 5050
5010 5011
5050 5049
5011 5012
5012 5013
5013 5014
5014 5015
5015 5016
5016 5017
5017 5018
5018 5019
5019 5020
5020 5021
5021 5022
5022 5023
5023 5024
5024 5025
5025 5026
5026 5027
5027 5028
5028 5029
5029 5030
5030 5031
5031 5032
5032 5033
5033 5034
5034 5035
5035 5036
5036 5037
5037 5038
5038 5039
5039 5040
5040 5041
5041 5042
5042 5043
5043 5044
5044 5045
5045 5046
5046 5047
5047 5048
5048 5049
5051 5052
5051 5055
5052 5053
5052 5186
5055 5054
5053 5054
5056 5057
5056 5092
5057 5058
5092 5091
5058 5059
5059 5060
5060 5061
5061 5062
5062 5063
5063 5064
5064 5065
5065 5066
5066 5067
5067 5068
5068 5069
5069 5070
5070 5071
5071 5072
5072 5073
5073 5074
5074 5075
5075 5076
5076 5077
5077 5078
5078 5079
5079 5080
5080 5081
5081 5082
5082 5083
5083 5084
5084 5085
5085 5086
5086 5087
5087 5088
5088 5089
5089 5090
5090 5091
5093 5094
5093 5129
5094 5095
5129 5128
5095 5096
5096 5097
5097 5098
5098 5099
5099 5100
5100 5101
5101 5102
5102 5103
5103 5104
5104 5105
5105 5106
5106 5107
5107 5108
5108 5109
5109 5110
5110 5111
5111 5112
5112 5113
5113 5114
5114 5115
5115 5116
5116 5117
5117 5118
5118 5119
5119 5120
5120 5121
5121 5122
5122 5123
5123 5124
5124 5125
5125 5126
5126 5127
5127 5128
5127 6469
5130 5131
5130 5160
5131 5132
5160 5159
5132 5133
5133 5134
5134 5135
5135 5136
5136 5137
5137 5138
5138 5139
5139 5140
5140 5141
5141 5142
5142 5143
5143 5144
5144 5145
5145 5146
5146 5147
5147 5148
5148 5149
5149 5150
5150 5151
5151 5152
5152 5153
5153 5154
5154 5155
5155 5156
5156 5157
5157 5158
5158 5159
5161 5162
5161 5194
5162 5163
5194 5193
5163 5164
5164 5165
5165 5166
5166 5167
5167 5168
5168 5169
5169 5170
5170 5171
5171 5172
5172 5173
5173 5174
5174 5175
5175 5176
5176 5177
5177 5178
5178 5179
5178 7329
5179 5180
5180 5181
5181 5182
5182 5183
5183 5184
5184 5185
5185 5186
5186 5187
5187 5188
5188 5189
5189 5190
5190 5191
5191 5192
5192 5193
5195 5196
5195 5204
5196 5197
5204 5203
5197 5198
5198 5199
5199 5200
5200 5201
5201 5202
5201 9414
5202 5203
5205 5206
5205 5209
5206 5207
5209 5208
5207 5208
5210 5211
5212 5213
5212 5253
5213 5214
5253 5252
5214 5215
5215 5216
5216 5217
5217 5218
5218 5219
5219 5220
5220 5221
5221 5222
5222 5223
5223 5224
5224 5225
5225 5226
5226 5227
5227 5228
5228 5229
5229 5230
5230 5231
5231 5232
5232 5233
5233 5234
5234 5235
5235 5236
5236 5237
5237 5238
5238 5239
5239 5240
5240 5241
5241 5242
5242 5243
5243 5244
5244 5245
5245 5246
5246 5247
5247 5248
5248 5249
5249 5250
5250 5251
5251 5252
5254 5255
5254 5278
5255 5256
5255 6560
5278 5277
5256 5257
5257 5258
5258 5259
5259 5260
5260 5261
5261 5262
5262 5263
5263 5264
5264 5265
5265 5266
5266 5267
5267 5268
5268 5269
5269 5270
5270 5271
5271 5272
5272 5273
5273 5274
5274 5275
5275 5276
5276 5277
5279 5280
5279 5314
5280 5281
5314 5313
5281 5282
5282 5283
5283 5284
5284 5285
5285 5286
5286 5287
5287 5288
5288 5289
5289 5290
5290 5291
5291 5292
5292 5293
5293 5294
5294 5295
5295 5296
5296 5297
5297 5298
5298 5299
5299 5300
5300 5301
5301 5302
5302 5303
5303 5304
5304 5305
5305 5306
5306 5307
5307 5308
5308 5309
5309 5310
5310 5311
5311 5312
5312 5313
5315 5316
5315 5350
5316 5317
5350 5349
5350 6348
5317 5318
5318 5319
5319 5320
5320 5321
5321 5322
5322 5323
5323 5324
5324 5325
5325 5326
5326 5327
5327 5328
5328 5329
5329 5330
5330 5331
5331 5332
5332 5333
5333 5334
5334 5335
5335 5336
5336 5337
5337 5338
5338 5339
5339 5340
5340 5341
5341 5342
5342 5343
5343 5344
5344 5345
5345 5346
5346 5347
5347 5348
5348 5349
5351 5352
5351 5354
5352 5353
5354 5353
5355 5356
5355 5390
5356 5357
5390 5389
5357 5358
5358 5359
5359 5360
5360 5361
5361 5362
5362 5363
5363 5364
5364 5365
5365 5366
5366 5367
5367 5368
5368 5369
5369 5370
5370 5371
5371 5372
5372 5373
5373 5374
5373 6553
5374 5375
5375 5376
5376 5377
5377 5378
5378 5379
5379 5380
5380 5381
5381 5382
5381 9406
5382 5383
5383 5384
5384 5385
5385 5386
5386 5387
5387 5388
5388 5389
5391 5392
5391 5410
5392 5393
5410 5409
5393 5394
5394 5395
5395 5396
5396 5397
5397 5398
5398 5399
5399 5400
5400 5401
5401 5402
5402 5403
5403 5404
5404 5405
5405 5406
5406 5407
5407 5408
5408 5409
5411 5412
5411 5430
5412 5413
5430 5429
5413 5414
5414 5415
5415 5416
5416 5417
5417 5418
5418 5419
5419 5420
5420 5421
5421 5422
5422 5423
5423 5424
5424 5425
5425 5426
5425 6358
5426 5427
5427 5428
5428 5429
5431 5432
5431 5460
5432 5433
5460 5459
5433 5434
5434 5435
5435 5436
5436 5437
5437 5438
5438 5439
5439 5440
5440 5441
5441 5442
5442 5443
5443 5444
5444 5445
5445 5446
5446 5447
5447 5448
5448 5449
5449 5450
5450 5451
5451 5452
5452 5453
5453 5454
5454 5455
5455 5456
5456 5457
5457 5458
5458 5459
5461 5462
5461 5488
5462 5463
5488 5487
5463 5464
5464 5465
5465 5466
5465 5569
5466 5467
5467 5468
5468 5469
5469 5470
5470 5471
5471 5472
5472 5473
5473 5474
5474 5475
5475 5476
5476 5477
5477 5478
5478 5479
5479 5480
5480 5481
5481 5482
5482 5483
5483 5484
5484 5485
5485 5486
5486 5487
5489 5490
5489 5506
5490 5491
5490 6257
5506 5505
5491 5492
5492 5493
5493 5494
5494 5495
5495 5496
5496 5497
5497 5498
5498 5499
5499 5500
5500 5501
5501 5502
5502 5503
5503 5504
5504 5505
5507 5508
5507 5544
5508 5509
5544 5543
5509 5510
5510 5511
5511 5512
5512 5513
5513 5514
5514 5515
5515 5516
5516 5517
5517 5518
5518 5519
5519 5520
5520 5521
5521 5522
5522 5523
5523 5524
5524 5525
5525 5526
5526 5527
5527 5528
5528 5529
5529 5530
5530 5531
5531 5532
5532 5533
5533 5534
5534 5535
5535 5536
5536 5537
5537 5538
5538 5539
5539 5540
5540 5541
5541 5542
5542 5543
5545 5546
5545 5568
5546 5547
5568 5567
5547 5548
5548 5549
5549 5550
5550 5551
5551 5552
5552 5553
5553 5554
5554 5555
5555 5556
5556 5557
5557 5558
5558 5559
5559 5560
5560 5561
5561 5562
5562 5563
5563 5564
5564 5565
5565 5566
5566 5567
5569 5570
5569 5573
5570 5571
5573 5572
5571 5572
5574 5575
5574 5609
5575 5576
5609 5608
5576 5577
5577 5578
5578 5579
5579 5580
5580 5581
5581 5582
5582 5583
5583 5584
5584 5585
5585 5586
5586 5587
5587 5588
5588 5589
5589 5590
5590 5591
5591 5592
5592 5593
5593 5594
5594 5595
5594 7363
5595 5596
5596 5597
5597 5598
5598 5599
5599 5600
5600 5601
5601 5602
5602 5603
5603 5604
5604 5605
5605 5606
5606 5607
5607 5608
5610 5611
5610 5632
5611 5612
5632 5631
5612 5613
5613 5614
5614 5615
5615 5616
5616 5617
5617 5618
5618 5619
5619 5620
5620 5621
5621 5622
5622 5623
5623 5624
5624 5625
5625 5626
5626 5627
5627 5628
5628 5629
5629 5630
5630 5631
5633 5634
5633 5657
5634 5635
5657 5656
5635 5636
5636 5637
5637 5638
5638 5639
5638 7103
5639 5640
5640 5641
5641 5642
5642 5643
5643 5644
5644 5645
5645 5646
5646 5647
5647 5648
5648 5649
5649 5650
5650 5651
5651 5652
5652 5653
5653 5654
5654 5655
5655 5656
5658 5659
5658 5662
5659 5660
5662 5661
5660 5661
5663 5664
5663 5697
5664 5665
5697 5696
5665 5666
5666 5667
5667 5668
5668 5669
5669 5670
5670 5671
5671 5672
5672 5673
5673 5674
5674 5675
5675 5676
5676 5677
5677 5678
5678 5679
5679 5680
5680 5681
5681 5682
5682 5683
5683 5684
5684 5685
5685 5686
5686 5687
5687 5688
5688 5689
5689 5690
5690 5691
5691 5692
5692 5693
5693 5694
5694 5695
5695 5696
5698 5699
5698 5734
5699 5700
5734 5733
5700 5701
5701 5702
5702 5703
5703 5704
5704 5705
5705 5706
5706 5707
5707 5708
5708 5709
5709 5710
5710 5711
5711 5712
5712 5713
5713 5714
5714 5715
5715 5716
5716 5717
5717 5718
5718 5719
5719 5720
5720 5721
5721 5722
5722 5723
5723 5724
5724 5725
5725 5726
5726 5727
5727 5728
5728 5729
5729 5730
5730 5731
5731 5732
5732 5733
5735 5736
5735 5771
5736 5737
5771 5770
5737 5738
5738 5739
5739 5740
5740 5741
5741 5742
5742 5743
5743 5744
5744 5745
5745 5746
5746 5747
5747 5748
5748 5749
5749 5750
5750 5751
5751 5752
5752 5753
5753 5754
5754 5755
5755 5756
5756 5757
5757 5758
5758 5759
5759 5760
5760 5761
5761 5762
5762 5763
5763 5764
5764 5765
5765 5766
5766 5767
5767 5768
5768 5769
5769 5770
5772 5773
5772 5790
5773 5774
5790 5789
5774 5775
5775 5776
5776 5777
5777 5778
5778 5779
5779 5780
5780 5781
5781 5782
5782 5783
5783 5784
5784 5785
5785 5786
5786 5787
5787 5788
5788 5789
5791 5792
5791 5828
5792 5793
5828 5827
5793 5794
5794 5795
5795 5796
5796 5797
5797 5798
5798 5799
5799 5800
5800 5801
5801 5802
5802 5803
5803 5804
5804 5805
5805 5806
5806 5807
5807 5808
5808 5809
5809 5810
5810 5811
5811 5812
5812 5813
5813 5814
5814 5815
5815 5816
5816 5817
5817 5818
5818 5819
5819 5820
5820 5821
5821 5822
5822 5823
5823 5824
5824 5825
5825 5826
5826 5827
5829 5830
5829 5857
5830 5831
5857 5856
5831 5832
5832 5833
5833 5834
5834 5835
5835 5836
5836 5837
5837 5838
5838 5839
5839 5840
5840 5841
5841 5842
5842 5843
5843 5844
5844 5845
5845 5846
5846 5847
5847 5848
5848 5849
5849 5850
5850 5851
5851 5852
5852 5853
5853 5854
5854 5855
5855 5856
5858 5859
5858 5896
5859 5860
5896 5895
5860 5861
5861 5862
5862 5863
5863 5864
5864 5865
5865 5866
5866 5867
5867 5868
5868 5869
5869 5870
5870 5871
5871 5872
5872 5873
5873 5874
5874 5875
5875 5876
5876 5877
5877 5878
5878 5879
5879 5880
5880 5881
5881 5882
5882 5883
5883 5884
5884 5885
5885 5886
5886 5887
5887 5888
5888 5889
5889 5890
5890 5891
5891 5892
5892 5893
5893 5894
5894 5895
5897 5898
5897 5919
5898 5899
5919 5918
5899 5900
5900 5901
5901 5902
5902 5903
5903 5904
5904 5905
5905 5906
5906 5907
5907 5908
5908 5909
5909 5910
5910 5911
5911 5912
5912 5913
5913 5914
5914 5915
5915 5916
5916 5917
5917 5918
5920 5921
5920 5945
5921 5922
5945 5944
5922 5923
5923 5924
5924 5925
5925 5926
5926 5927
5927 5928
5928 5929
5929 5930
5930 5931
5931 5932
5932 5933
5933 5934
5934 5935
5935 5936
5936 5937
5937 5938
5938 5939
5939 5940
5940 5941
5941 5942
5942 5943
5943 5944
5946 5947
5946 5970
5947 5948
5970 5969
5948 5949
5949 5950
5950 5951
5951 5952
5952 5953
5953 5954
5954 5955
5955 5956
5956 5957
5957 5958
5958 5959
5959 5960
5960 5961
5961 5962
5962 5963
5963 5964
5964 5965
5965 5966
5966 5967
5967 5968
5968 5969
5971 5972
5971 6001
5972 5973
6001 6000
5973 5974
5974 5975
5975 5976
5976 5977
5977 5978
5978 5979
5979 5980
5980 5981
5981 5982
5982 5983
5983 5984
5984 5985
5985 5986
5986 5987
5987 5988
5988 5989
5989 5990
5990 5991
5991 5992
5992 5993
5993 5994
5994 5995
5995 5996
5996 5997
5997 5998
5998 5999
5999 6000
6002 6003
6002 6043
6003 6004
6043 6042
6004 6005
6005 6006
6006 6007
6007 6008
6008 6009
6009 6010
6010 6011
6011 6012
6012 6013
6013 6014
6014 6015
6015 6016
6016 6017
6017 6018
6018 6019
6019 6020
6020 6021
6021 6022
6022 6023
6023 6024
6024 6025
6025 6026
6026 6027
6027 6028
6028 6029
6029 6030
6030 6031
6031 6032
6032 6033
6033 6034
6034 6035
6035 6036
6036 6037
6037 6038
6038 6039
6039 6040
6040 6041
6041 6042
6044 6045
6044 6051
6045 6046
6051 6050
6046 6047
6047 6048
6048 6049
6049 6050
6052 6053
6052 6078
6053 6054
6078 6077
6054 6055
6055 6056
6056 6057
6057 6058
6058 6059
6059 6060
6060 6061
6061 6062
6062 6063
6063 6064
6064 6065
6065 6066
6066 6067
6067 6068
6068 6069
6069 6070
6070 6071
6071 6072
6072 6073
6073 6074
6074 6075
6075 6076
6076 6077
6079 6080
6079 6101
6080 6081
6101 6100
6081 6082
6082 6083
6083 6084
6084 6085
6085 6086
6086 6087
6087 6088
6088 6089
6089 6090
6090 6091
6091 6092
6092 6093
6093 6094
6094 6095
6095 6096
6096 6097
6097 6098
6098 6099
6099 6100
6102 6103
6102 6125
6103 6104
6125 6124
6104 6105
6105 6106
6106 6107
6107 6108
6108 6109
6109 6110
6110 6111
6111 6112
6112 6113
6113 6114
6114 6115
6115 6116
6116 6117
6117 6118
6118 6119
6119 6120
6120 6121
6121 6122
6122 6123
6123 6124
6126 6127
6126 6138
6127 6128
6138 6137
6128 6129
6129 6130
6130 6131
6131 6132
6132 6133
6133 6134
6134 6135
6135 6136
6136 6137
6139 6140
6139 6146
6140 6141
6146 6145
6141 6142
6142 6143
6143 6144
6144 6145
6147 6148
6147 6189
6148 6149
6189 6188
6149 6150
6150 6151
6151 6152
6152 6153
6153 6154
6154 6155
6155 6156
6156 6157
6157 6158
6158 6159
6159 6160
6160 6161
6161 6162
6162 6163
6163 6164
6164 6165
6165 6166
6166 6167
6167 6168
6168 6169
6169 6170
6170 6171
6171 6172
6172 6173
6173 6174
6174 6175
6175 6176
6176 6177
6177 6178
6178 6179
6179 6180
6180 6181
6181 6182
6182 6183
6183 6184
6184 6185
6185 6186
6186 6187
6187 6188
6190 6191
6190 6219
6191 6192
6219 6218
6192 6193
6193 6194
6194 6195
6195 6196
6196 6197
6197 6198
6198 6199
6199 6200
6200 6201
6201 6202
6202 6203
6203 6204
6204 6205
6205 6206
6206 6207
6207 6208
6208 6209
6209 6210
6210 6211
6211 6212
6212 6213
6213 6214
6214 6215
6215 6216
6216 6217
6217 6218
6220 6221
6220 6252
6221 6222
6252 6251
6222 6223
6223 6224
6224 6225
6225 6226
6226 6227
6227 6228
6228 6229
6229 6230
6230 6231
6231 6232
6232 6233
6233 6234
6234 6235
6235 6236
6236 6237
6237 6238
6238 6239
6238 7860
6239 6240
6240 6241
6241 6242
6242 6243
6243 6244
6244 6245
6245 6246
6246 6247
6247 6248
6248 6249
6249 6250
6250 6251
6253 6254
6253 6272
6254 6255
6272 6271
6255 6256
6256 6257
6257 6258
6258 6259
6259 6260
6259 7385
6260 6261
6261 6262
6262 6263
6263 6264
6264 6265
6265 6266
6266 6267
6267 6268
6268 6269
6269 6270
6270 6271
6273 6274
6273 6301
6274 6275
6301 6300
6275 6276
6276 6277
6277 6278
6278 6279
6279 6280
6280 6281
6281 6282
6282 6283
6283 6284
6284 6285
6285 6286
6286 6287
6287 6288
6288 6289
6289 6290
6290 6291
6291 6292
6292 6293
6293 6294
6294 6295
6295 6296
6296 6297
6297 6298
6298 6299
6299 6300
6302 6303
6302 6310
6303 6304
6310 6309
6304 6305
6305 6306
6306 6307
6307 6308
6308 6309
6311 6312
6311 6348
6312 6313
6348 6347
6313 6314
6314 6315
6315 6316
6316 6317
6317 6318
6318 6319
6318 6557
6319 6320
6320 6321
6321 6322
6322 6323
6323 6324
6324 6325
6325 6326
6326 6327
6327 6328
6328 6329
6329 6330
6330 6331
6331 6332
6332 6333
6333 6334
6334 6335
6335 6336
6336 6337
6337 6338
6338 6339
6339 6340
6340 6341
6341 6342
6342 6343
6343 6344
6344 6345
6345 6346
6346 6347
6349 6350
6349 6358
6350 6351
6358 6357
6351 6352
6352 6353
6353 6354
6354 6355
6355 6356
6356 6357
6359 6360
6359 6366
6360 6361
6366 6365
6361 6362
6362 6363
6363 6364
6364 6365
6367 6368
6367 6392
6368 6369
6392 6391
6369 6370
6370 6371
6371 6372
6372 6373
6373 6374
6374 6375
6375 6376
6376 6377
6377 6378
6378 6379
6379 6380
6380 6381
6381 6382
6382 6383
6383 6384
6384 6385
6385 6386
6386 6387
6387 6388
6388 6389
6389 6390
6390 6391
6393 6394
6393 6417
6394 6395
6417 6416
6395 6396
6396 6397
6397 6398
6397 9332
6398 6399
6399 6400
6400 6401
6401 6402
6402 6403
6403 6404
6404 6405
6405 6406
6406 6407
6407 6408
6408 6409
6409 6410
6410 6411
6411 6412
6412 6413
6413 6414
6414 6415
6415 6416
6418 6419
6418 6460
6419 6420
6460 6459
6420 6421
6421 6422
6422 6423
6423 6424
6424 6425
6425 6426
6426 6427
6427 6428
6428 6429
6429 6430
6430 6431
6431 6432
6432 6433
6433 6434
6434 6435
6435 6436
6436 6437
6437 6438
6438 6439
6439 6440
6440 6441
6441 6442
6442 6443
6443 6444
6444 6445
6445 6446
6446 6447
6447 6448
6448 6449
6449 6450
6450 6451
6451 6452
6452 6453
6453 6454
6454 6455
6455 6456
6456 6457
6457 6458
6458 6459
6461 6462
6461 6498
6461 7542
6462 6463
6498 6497
6463 6464
6464 6465
6465 6466
6466 6467
6467 6468
6468 6469
6469 6470
6470 6471
6471 6472
6472 6473
6473 6474
6474 6475
6475 6476
6476 6477
6477 6478
6478 6479
6479 6480
6480 6481
6481 6482
6482 6483
6483 6484
6484 6485
6485 6486
6486 6487
6487 6488
6488 6489
6489 6490
6490 6491
6491 6492
6492 6493
6493 6494
6494 6495
6495 6496
6496 6497
6499 6500
6499 6526
6500 6501
6526 6525
6501 6502
6502 6503
6503 6504
6504 6505
6505 6506
6506 6507
6507 6508
6508 6509
6509 6510
6510 6511
6511 6512
6512 6513
6513 6514
6514 6515
6515 6516
6516 6517
6517 6518
6518 6519
6519 6520
6520 6521
6521 6522
6522 6523
6523 6524
6524 6525
6527 6528
6527 6547
6528 6529
6547 6546
6529 6530
6530 6531
6531 6532
6532 6533
6533 6534
6534 6535
6535 6536
6536 6537
6537 6538
6538 6539
6539 6540
6540 6541
6541 6542
6542 6543
6543 6544
6544 6545
6545 6546
6548 6549
6548 6554
6549 6550
6554 6553
6550 6551
6551 6552
6552 6553
6555 6556
6555 6563
6556 6557
6563 6562
6557 6558
6558 6559
6559 6560
6560 6561
6561 6562
6564 6565
6564 6593
6565 6566
6593 6592
6566 6567
6567 6568
6568 6569
6569 6570
6570 6571
6571 6572
6572 6573
6573 6574
6574 6575
6575 6576
6576 6577
6577 6578
6578 6579
6579 6580
6580 6581
6581 6582
6582 6583
6583 6584
6584 6585
6585 6586
6586 6587
6587 6588
6588 6589
6589 6590
6590 6591
6591 6592
6594 6595
6594 6633
6595 6596
6633 6632
6596 6597
6597 6598
6598 6599
6599 6600
6600 6601
6601 6602
6602 6603
6603 6604
6604 6605
6605 6606
6606 6607
6607 6608
6608 6609
6609 6610
6610 6611
6611 6612
6612 6613
6613 6614
6614 6615
6615 6616
6616 6617
6617 6618
6618 6619
6619 6620
6620 6621
6621 6622
6622 6623
6623 6624
6624 6625
6625 6626
6626 6627
6627 6628
6628 6629
6629 6630
6630 6631
6631 6632
6634 6635
6634 6654
6635 6636
6654 6653
6636 6637
6637 6638
6638 6639
6639 6640
6640 6641
6641 6642
6642 6643
6643 6644
6644 6645
6645 6646
6646 6647
6647 6648
6648 6649
6649 6650
6650 6651
6651 6652
6652 6653
6655 6656
6655 6657
6656 6657
6658 6659
6658 6665
6659 6660
6665 6664
6660 6661
6661 6662
6662 6663
6663 6664
6666 6667
6666 6691
6667 6668
6691 6690
6668 6669
6669 6670
6670 6671
6671 6672
6672 6673
6673 6674
6674 6675
6675 6676
6676 6677
6677 6678
6678 6679
6679 6680
6680 6681
6681 6682
6682 6683
6683 6684
6684 6685
6685 6686
6686 6687
6687 6688
6688 6689
6689 6690
6692 6693
6692 6732
6693 6694
6732 6731
6694 6695
6695 6696
6696 6697
6697 6698
6698 6699
6699 6700
6700 6701
6701 6702
6702 6703
6703 6704
6704 6705
6705 6706
6706 6707
6707 6708
6708 6709
6709 6710
6710 6711
6711 6712
6712 6713
6713 6714
6714 6715
6715 6716
6716 6717
6717 6718
6718 6719
6719 6720
6720 6721
6721 6722
6722 6723
6723 6724
6724 6725
6725 6726
6726 6727
6727 6728
6728 6729
6729 6730
6730 6731
6733 6734
6734 9652
6735 6736
6735 6750
6736 6737
6750 6749
6737 6738
6738 6739
6739 6740
6740 6741
6741 6742
6742 6743
6743 6744
6744 6745
6745 6746
6746 6747
6747 6748
6748 6749
6751 6752
6751 6772
6752 6753
6772 6771
6753 6754
6754 6755
6755 6756
6756 6757
6757 6758
6758 6759
6759 6760
6760 6761
6761 6762
6762 6763
6763 6764
6764 6765
6765 6766
6766 6767
6767 6768
6768 6769
6769 6770
6770 6771
6773 6774
6773 6794
6774 6775
6794 6793
6775 6776
6776 6777
6777 6778
6778 6779
6779 6780
6780 6781
6781 6782
6782 6783
6783 6784
6784 6785
6785 6786
6786 6787
6787 6788
6788 6789
6789 6790
6790 6791
6791 6792
6792 6793
6795 6796
6795 6817
6796 6797
6817 6816
6797 6798
6798 6799
6799 6800
6800 6801
6801 6802
6802 6803
6803 6804
6804 6805
6805 6806
6806 6807
6807 6808
6808 6809
6809 6810
6810 6811
6811 6812
6812 6813
6813 6814
6814 6815
6815 6816
6818 6819
6818 6847
6819 6820
6847 6846
6820 6821
6821 6822
6822 6823
6823 6824
6824 6825
6825 6826
6826 6827
6827 6828
6828 6829
6829 6830
6830 6831
6831 6832
6832 6833
6833 6834
6834 6835
6835 6836
6836 6837
6837 6838
6838 6839
6839 6840
6840 6841
6841 6842
6842 6843
6843 6844
6844 6845
6845 6846
6848 6849
6848 6860
6849 6850
6860 6859
6850 6851
6851 6852
6852 6853
6853 6854
6854 6855
6855 6856
6856 6857
6857 6858
6858 6859
6861 6862
6861 6864
6862 6863
6864 6863
6865 6866
6865 6874
6866 6867
6874 6873
6867 6868
6868 6869
6869 6870
6870 6871
6870 7933
6871 6872
6872 6873
6875 6876
6875 6895
6876 6877
6895 6894
6877 6878
6878 6879
6879 6880
6880 6881
6881 6882
6882 6883
6883 6884
6884 6885
6885 6886
6886 6887
6887 6888
6888 6889
6888 8681
6889 6890
6890 6891
6891 6892
6892 6893
6893 6894
6896 6897
6896 6925
6897 6898
6925 6924
6898 6899
6899 6900
6900 6901
6901 6902
6902 6903
6903 6904
6904 6905
6905 6906
6906 6907
6907 6908
6908 6909
6909 6910
6910 6911
6911 6912
6912 6913
6913 6914
6914 6915
6915 6916
6916 6917
6917 6918
6918 6919
6919 6920
6920 6921
6921 6922
6922 6923
6923 6924
6926 6927
6926 6944
6927 6928
6944 6943
6928 6929
6929 6930
6930 6931
6931 6932
6932 6933
6933 6934
6934 6935
6935 6936
6936 6937
6937 6938
6938 6939
6939 6940
6940 6941
6941 6942
6942 6943
6945 6946
6945 6967
6946 6947
6967 6966
6947 6948
6948 6949
6949 6950
6950 6951
6951 6952
6952 6953
6953 6954
6954 6955
6955 6956
6956 6957
6957 6958
6958 6959
6959 6960
6960 6961
6961 6962
6962 6963
6963 6964
6964 6965
6965 6966
6968 6969
6968 6973
6969 6970
6973 6972
6970 6971
6970 7633
6971 6972
6974 6975
6974 6994
6975 6976
6994 6993
6976 6977
6977 6978
6978 6979
6979 6980
6980 6981
6981 6982
6982 6983
6983 6984
6984 6985
6985 6986
6986 6987
6987 6988
6988 6989
6989 6990
6990 6991
6991 6992
6992 6993
6995 6996
6995 7014
6996 6997
7014 7013
6997 6998
6998 6999
6999 7000
7000 7001
7001 7002
7002 7003
7003 7004
7004 7005
7005 7006
7006 7007
7007 7008
7008 7009
7009 7010
7010 7011
7011 7012
7012 7013
7015 7016
7015 7031
7016 7017
7031 7030
7017 7018
7018 7019
7019 7020
7020 7021
7021 7022
7022 7023
7023 7024
7024 7025
7025 7026
7026 7027
7027 7028
7028 7029
7029 7030
7032 7033
7032 7067
7033 7034
7067 7066
7034 7035
7035 7036
7036 7037
7037 7038
7038 7039
7039 7040
7040 7041
7041 7042
7042 7043
7043 7044
7044 7045
7045 7046
7046 7047
7047 7048
7048 7049
7049 7050
7050 7051
7051 7052
7052 7053
7053 7054
7054 7055
7055 7056
7056 7057
7057 7058
7058 7059
7059 7060
7060 7061
7061 7062
7062 7063
7063 7064
7064 7065
7065 7066
7068 7069
7068 7090
7069 7070
7090 7089
7070 7071
7071 7072
7072 7073
7073 7074
7074 7075
7075 7076
7076 7077
7077 7078
7077 7240
7078 7079
7079 7080
7080 7081
7081 7082
7082 7083
7083 7084
7084 7085
7085 7086
7086 7087
7087 7088
7088 7089
7091 7092
7091 7105
7092 7093
7105 7104
7093 7094
7094 7095
7095 7096
7096 7097
7097 7098
7098 7099
7099 7100
7100 7101
7101 7102
7102 7103
7103 7104
7106 7107
7106 7114
7107 7108
7114 7113
7108 7109
7109 7110
7110 7111
7111 7112
7112 7113
7115 7116
7115 7119
7116 7117
7119 7118
7117 7118
7120 7121
7120 7134
7121 7122
7134 7133
7122 7123
7123 7124
7124 7125
7125 7126
7126 7127
7127 7128
7128 7129
7129 7130
7130 7131
7131 7132
7132 7133
7135 7136
7137 7138
7137 7141
7138 7139
7141 7140
7139 7140
7142 7143
7142 7148
7143 7144
7148 7147
7144 7145
7145 7146
7146 7147
7149 7150
7149 7184
7150 7151
7184 7183
7151 7152
7152 7153
7153 7154
7154 7155
7155 7156
7156 7157
7157 7158
7158 7159
7159 7160
7160 7161
7161 7162
7162 7163
7163 7164
7164 7165
7165 7166
7166 7167
7167 7168
7168 7169
7169 7170
7170 7171
7171 7172
7172 7173
7173 7174
7174 7175
7175 7176
7176 7177
7177 7178
7178 7179
7179 7180
7180 7181
7181 7182
7182 7183
7185 7186
7185 7222
7186 7187
7222 7221
7187 7188
7188 7189
7189 7190
7190 7191
7191 7192
7192 7193
7193 7194
7194 7195
7195 7196
7196 7197
7197 7198
7198 7199
7199 7200
7200 7201
7201 7202
7202 7203
7203 7204
7204 7205
7205 7206
7206 7207
7207 7208
7208 7209
7209 7210
7210 7211
7211 7212
7212 7213
7213 7214
7214 7215
7215 7216
7216 7217
7217 7218
7218 7219
7219 7220
7220 7221
7223 7224
7223 7235
7224 7225
7235 7234
7225 7226
7226 7227
7227 7228
7228 7229
7229 7230
7230 7231
7231 7232
7232 7233
7233 7234
7236 7237
7236 7249
7237 7238
7249 7248
7238 7239
7239 7240
7240 7241
7241 7242
7242 7243
7243 7244
7244 7245
7245 7246
7246 7247
7247 7248
7250 7251
7250 7263
7251 7252
7263 7262
7252 7253
7253 7254
7254 7255
7255 7256
7256 7257
7257 7258
7258 7259
7259 7260
7260 7261
7261 7262
7264 7265
7264 7274
7265 7266
7274 7273
7266 7267
7267 7268
7268 7269
7268 7378
7269 7270
7270 7271
7271 7272
7272 7273
7275 7276
7275 7285
7276 7277
7285 7284
7277 7278
7278 7279
7279 7280
7280 7281
7281 7282
7282 7283
7283 7284
7286 7287
7286 7319
7287 7288
7319 7318
7288 7289
7289 7290
7290 7291
7291 7292
7292 7293
7293 7294
7294 7295
7295 7296
7296 7297
7297 7298
7298 7299
7299 7300
7300 7301
7301 7302
7302 7303
7303 7304
7304 7305
7305 7306
7306 7307
7307 7308
7308 7309
7309 7310
7310 7311
7311 7312
7312 7313
7313 7314
7314 7315
7315 7316
7316 7317
7317 7318
7320 7321
7320 7348
7321 7322
7348 7347
7322 7323
7323 7324
7324 7325
7325 7326
7326 7327
7327 7328
7328 7329
7329 7330
7330 7331
7331 7332
7332 7333
7333 7334
7334 7335
7335 7336
7336 7337
7337 7338
7338 7339
7339 7340
7340 7341
7341 7342
7342 7343
7343 7344
7344 7345
7345 7346
7346 7347
7349 7350
7349 7359
7349 7909
7350 7351
7359 7358
7351 7352
7352 7353
7353 7354
7354 7355
7355 7356
7356 7357
7357 7358
7360 7361
7362 7363
7362 7370
7363 7364
7370 7369
7364 7365
7365 7366
7366 7367
7367 7368
7368 7369
7371 7372
7371 7382
7372 7373
7382 7381
7373 7374
7374 7375
7374 8721
7375 7376
7376 7377
7377 7378
7378 7379
7379 7380
7380 7381
7383 7384
7383 7388
7384 7385
7388 7387
7385 7386
7386 7387
7389 7390
7389 7425
7390 7391
7425 7424
7391 7392
7392 7393
7393 7394
7394 7395
7395 7396
7396 7397
7397 7398
7398 7399
7399 7400
7400 7401
7401 7402
7402 7403
7403 7404
7404 7405
7405 7406
7406 7407
7407 7408
7408 7409
7409 7410
7410 7411
7411 7412
7412 7413
7413 7414
7414 7415
7415 7416
7416 7417
7417 7418
7418 7419
7419 7420
7420 7421
7421 7422
7422 7423
7423 7424
7426 7427
7426 7447
7427 7428
7447 7446
7428 7429
7429 7430
7430 7431
7431 7432
7432 7433
7433 7434
7434 7435
7435 7436
7436 7437
7437 7438
7438 7439
7439 7440
7440 7441
7441 7442
7442 7443
7443 7444
7444 7445
7445 7446
7448 7449
7448 7481
7449 7450
7481 7480
7450 7451
7451 7452
7452 7453
7453 7454
7454 7455
7455 7456
7456 7457
7457 7458
7458 7459
7459 7460
7460 7461
7461 7462
7462 7463
7463 7464
7464 7465
7465 7466
7466 7467
7467 7468
7468 7469
7469 7470
7470 7471
7471 7472
7472 7473
7473 7474
7474 7475
7475 7476
7476 7477
7477 7478
7478 7479
7479 7480
7482 7483
7482 7497
7483 7484
7497 7496
7484 7485
7485 7486
7486 7487
7487 7488
7488 7489
7489 7490
7490 7491
7491 7492
7492 7493
7493 7494
7494 7495
7495 7496
7498 7499
7498 7507
7499 7500
7507 7506
7500 7501
7501 7502
7502 7503
7503 7504
7504 7505
7505 7506
7508 7509
7510 7511
7510 7532
7511 7512
7532 7531
7512 7513
7513 7514
7514 7515
7515 7516
7516 7517
7517 7518
7518 7519
7519 7520
7520 7521
7521 7522
7522 7523
7523 7524
7524 7525
7525 7526
7526 7527
7527 7528
7528 7529
7529 7530
7530 7531
7533 7534
7533 7547
7534 7535
7547 7546
7535 7536
7536 7537
7537 7538
7538 7539
7539 7540
7540 7541
7541 7542
7542 7543
7543 7544
7544 7545
7545 7546
7548 7549
7548 7574
7549 7550
7574 7573
7550 7551
7551 7552
7552 7553
7553 7554
7554 7555
7555 7556
7556 7557
7557 7558
7558 7559
7559 7560
7560 7561
7561 7562
7562 7563
7563 7564
7564 7565
7565 7566
7566 7567
7567 7568
7568 7569
7569 7570
7570 7571
7571 7572
7572 7573
7575 7576
7575 7580
7576 7577
7576 9607
7580 7579
7577 7578
7578 7579
7581 7582
7581 7611
7582 7583
7611 7610
7583 7584
7584 7585
7585 7586
7586 7587
7587 7588
7588 7589
7589 7590
7590 7591
7591 7592
7592 7593
7593 7594
7594 7595
7595 7596
7596 7597
7597 7598
7598 7599
7599 7600
7600 7601
7601 7602
7602 7603
7603 7604
7604 7605
7605 7606
7606 7607
7607 7608
7608 7609
7609 7610
7612 7613
7612 7633
7613 7614
7633 7632
7614 7615
7615 7616
7616 7617
7617 7618
7618 7619
7619 7620
7620 7621
7621 7622
7622 7623
7623 7624
7624 7625
7625 7626
7626 7627
7627 7628
7628 7629
7629 7630
7630 7631
7631 7632
7634 7635
7634 7652
7635 7636
7652 7651
7636 7637
7637 7638
7638 7639
7639 7640
7640 7641
7641 7642
7642 7643
7643 7644
7644 7645
7645 7646
7646 7647
7647 7648
7648 7649
7649 7650
7650 7651
7653 7654
7653 7686
7654 7655
7686 7685
7655 7656
7656 7657
7657 7658
7658 7659
7659 7660
7660 7661
7661 7662
7662 7663
7663 7664
7664 7665
7665 7666
7666 7667
7667 7668
7668 7669
7669 7670
7670 7671
7671 7672
7672 7673
7673 7674
7674 7675
7675 7676
7676 7677
7677 7678
7678 7679
7679 7680
7680 7681
7681 7682
7682 7683
7683 7684
7684 7685
7687 7688
7687 7708
7688 7689
7708 7707
7689 7690
7690 7691
7691 7692
7692 7693
7693 7694
7694 7695
7695 7696
7696 7697
7697 7698
7698 7699
7699 7700
7700 7701
7701 7702
7702 7703
7703 7704
7704 7705
7705 7706
7706 7707
7709 7710
7709 7742
7710 7711
7742 7741
7711 7712
7712 7713
7713 7714
7714 7715
7715 7716
7716 7717
7717 7718
7718 7719
7719 7720
7720 7721
7721 7722
7722 7723
7723 7724
7724 7725
7725 7726
7726 7727
7727 7728
7728 7729
7729 7730
7730 7731
7731 7732
7732 7733
7733 7734
7734 7735
7735 7736
7736 7737
7737 7738
7738 7739
7739 7740
7740 7741
7743 7744
7743 7778
7744 7745
7778 7777
7745 7746
7746 7747
7747 7748
7748 7749
7749 7750
7750 7751
7751 7752
7752 7753
7753 7754
7754 7755
7755 7756
7756 7757
7757 7758
7758 7759
7759 7760
7760 7761
7761 7762
7762 7763
7763 7764
7764 7765
7765 7766
7766 7767
7767 7768
7768 7769
7769 7770
7770 7771
7771 7772
7772 7773
7773 7774
7774 7775
7775 7776
7776 7777
7779 7780
7781 7782
7781 7812
7782 7783
7812 7811
7783 7784
7784 7785
7785 7786
7786 7787
7787 7788
7788 7789
7789 7790
7790 7791
7791 7792
7792 7793
7793 7794
7794 7795
7795 7796
7796 7797
7797 7798
7798 7799
7799 7800
7800 7801
7801 7802
7802 7803
7803 7804
7804 7805
7805 7806
7806 7807
7807 7808
7808 7809
7809 7810
7810 7811
7813 7814
7813 7822
7814 7815
7822 7821
7815 7816
7816 7817
7817 7818
7818 7819
7819 7820
7820 7821
7823 7824
7823 7837
7824 7825
7837 7836
7825 7826
7826 7827
7827 7828
7828 7829
7829 7830
7830 7831
7831 7832
7832 7833
7833 7834
7834 7835
7835 7836
7838 7839
7838 7853
7839 7840
7853 7852
7840 7841
7841 7842
7842 7843
7843 7844
7844 7845
7845 7846
7846 7847
7847 7848
7848 7849
7849 7850
7850 7851
7851 7852
7854 7855
7854 7860
7855 7856
7860 7859
7856 7857
7857 7858
7858 7859
7861 7862
7861 7866
7862 7863
7866 7865
7863 7864
7864 7865
7867 7868
7867 7906
7868 7869
7906 7905
7869 7870
7870 7871
7871 7872
7872 7873
7873 7874
7874 7875
7875 7876
7876 7877
7877 7878
7878 7879
7879 7880
7880 7881
7881 7882
7882 7883
7883 7884
7884 7885
7885 7886
7886 7887
7887 7888
7888 7889
7889 7890
7890 7891
7891 7892
7892 7893
7893 7894
7894 7895
7895 7896
7896 7897
7897 7898
7898 7899
7899 7900
7900 7901
7901 7902
7902 7903
7903 7904
7904 7905
7907 7908
7907 7927
7908 7909
7927 7926
7909 7910
7910 7911
7911 7912
7912 7913
7913 7914
7914 7915
7915 7916
7916 7917
7917 7918
7918 7919
7919 7920
7920 7921
7921 7922
7922 7923
7923 7924
7924 7925
7925 7926
7928 7929
7928 7933
7929 7930
7933 7932
7930 7931
7931 7932
7934 7935
7934 7965
7935 7936
7965 7964
7936 7937
7937 7938
7938 7939
7939 7940
7940 7941
7941 7942
7942 7943
7943 7944
7944 7945
7945 7946
7946 7947
7947 7948
7948 7949
7949 7950
7950 7951
7951 7952
7952 7953
7953 7954
7954 7955
7955 7956
7956 7957
7957 7958
7958 7959
7959 7960
7960 7961
7961 7962
7962 7963
7963 7964
7966 7967
7966 7970
7967 7968
7970 7969
7968 7969
7971 7972
7971 7982
7972 7973
7982 7981
7973 7974
7974 7975
7975 7976
7976 7977
7977 7978
7978 7979
7979 7980
7980 7981
7983 7984
7983 8012
7984 7985
8012 8011
7985 7986
7986 7987
7987 7988
7988 7989
7989 7990
7990 7991
7991 7992
7992 7993
7993 7994
7994 7995
7995 7996
7996 7997
7997 7998
7998 7999
7999 8000
8000 8001
8001 8002
8002 8003
8003 8004
8004 8005
8005 8006
8006 8007
8007 8008
8008 8009
8009 8010
8010 8011
8013 8014
8013 8054
8014 8015
8054 8053
8015 8016
8016 8017
8017 8018
8018 8019
8019 8020
8020 8021
8021 8022
8022 8023
8023 8024
8024 8025
8025 8026
8026 8027
8027 8028
8028 8029
8029 8030
8030 8031
8031 8032
8032 8033
8033 8034
8034 8035
8035 8036
8036 8037
8037 8038
8038 8039
8039 8040
8040 8041
8041 8042
8042 8043
8043 8044
8044 8045
8045 8046
8046 8047
8047 8048
8048 8049
8049 8050
8050 8051
8051 8052
8052 8053
8055 8056
8055 8067
8056 8057
8067 8066
8057 8058
8058 8059
8059 8060
8060 8061
8061 8062
8062 8063
8063 8064
8064 8065
8065 8066
8068 8069
8068 8092
8069 8070
8092 8091
8070 8071
8071 8072
8072 8073
8073 8074
8074 8075
8075 8076
8076 8077
8077 8078
8078 8079
8079 8080
8080 8081
8081 8082
8082 8083
8083 8084
8084 8085
8085 8086
8086 8087
8087 8088
8088 8089
8089 8090
8090 8091
8093 8094
8093 8108
8094 8095
8108 8107
8095 8096
8096 8097
8097 8098
8098 8099
8099 8100
8100 8101
8101 8102
8102 8103
8103 8104
8104 8105
8105 8106
8106 8107
8109 8110
8109 8117
8110 8111
8117 8116
8111 8112
8112 8113
8113 8114
8114 8115
8115 8116
8118 8119
8118 8152
8119 8120
8152 8151
8120 8121
8121 8122
8122 8123
8123 8124
8124 8125
8125 8126
8126 8127
8127 8128
8128 8129
8129 8130
8130 8131
8131 8132
8132 8133
8133 8134
8134 8135
8135 8136
8136 8137
8137 8138
8138 8139
8139 8140
8140 8141
8141 8142
8142 8143
8143 8144
8144 8145
8145 8146
8146 8147
8147 8148
8148 8149
8149 8150
8150 8151
8153 8154
8153 8166
8154 8155
8166 8165
8155 8156
8156 8157
8157 8158
8158 8159
8159 8160
8160 8161
8161 8162
8162 8163
8163 8164
8164 8165
8167 8168
8167 8207
8168 8169
8207 8206
8169 8170
8170 8171
8171 8172
8172 8173
8173 8174
8174 8175
8175 8176
8176 8177
8177 8178
8178 8179
8179 8180
8180 8181
8181 8182
8182 8183
8183 8184
8184 8185
8185 8186
8186 8187
8187 8188
8188 8189
8189 8190
8190 8191
8191 8192
8192 8193
8193 8194
8194 8195
8195 8196
8196 8197
8197 8198
8198 8199
8199 8200
8200 8201
8201 8202
8202 8203
8203 8204
8204 8205
8205 8206
8208 8209
8208 8249
8209 8210
8249 8248
8210 8211
8211 8212
8212 8213
8213 8214
8214 8215
8215 8216
8216 8217
8217 8218
8218 8219
8219 8220
8220 8221
8221 8222
8222 8223
8223 8224
8224 8225
8225 8226
8226 8227
8227 8228
8228 8229
8229 8230
8230 8231
8231 8232
8232 8233
8233 8234
8234 8235
8235 8236
8236 8237
8237 8238
8238 8239
8239 8240
8240 8241
8241 8242
8242 8243
8243 8244
8244 8245
8245 8246
8246 8247
8247 8248
8250 8251
8250 8261
8251 8252
8261 8260
8252 8253
8253 8254
8254 8255
8255 8256
8256 8257
8257 8258
8258 8259
8259 8260
8262 8263
8262 8280
8263 8264
8280 8279
8264 8265
8265 8266
8266 8267
8267 8268
8268 8269
8269 8270
8270 8271
8271 8272
8272 8273
8273 8274
8274 8275
8275 8276
8276 8277
8277 8278
8278 8279
8281 8282
8281 8297
8282 8283
8297 8296
8283 8284
8284 8285
8285 8286
8286 8287
8287 8288
8288 8289
8289 8290
8290 8291
8291 8292
8292 8293
8293 8294
8294 8295
8295 8296
8298 8299
8298 8332
8299 8300
8332 8331
8300 8301
8301 8302
8302 8303
8303 8304
8304 8305
8305 8306
8306 8307
8307 8308
8308 8309
8309 8310
8310 8311
8311 8312
8312 8313
8313 8314
8314 8315
8315 8316
8316 8317
8317 8318
8318 8319
8319 8320
8320 8321
8321 8322
8322 8323
8323 8324
8324 8325
8325 8326
8326 8327
8327 8328
8328 8329
8329 8330
8330 8331
8333 8334
8333 8361
8334 8335
8361 8360
8335 8336
8336 8337
8337 8338
8338 8339
8339 8340
8340 8341
8341 8342
8342 8343
8343 8344
8344 8345
8345 8346
8346 8347
8347 8348
8348 8349
8349 8350
8350 8351
8351 8352
8352 8353
8353 8354
8354 8355
8355 8356
8356 8357
8357 8358
8358 8359
8359 8360
8362 8363
8362 8368
8363 8364
8368 8367
8364 8365
8365 8366
8366 8367
8369 8370
8369 8381
8370 8371
8381 8380
8371 8372
8372 8373
8373 8374
8374 8375
8375 8376
8376 8377
8377 8378
8378 8379
8379 8380
8382 8383
8382 8397
8383 8384
8397 8396
8384 8385
8385 8386
8386 8387
8387 8388
8388 8389
8389 8390
8390 8391
8391 8392
8392 8393
8393 8394
8394 8395
8395 8396
8398 8399
8398 8409
8399 8400
8409 8408
8400 8401
8401 8402
8402 8403
8403 8404
8404 8405
8405 8406
8406 8407
8407 8408
8410 8411
8410 8422
8411 8412
8422 8421
8412 8413
8413 8414
8414 8415
8415 8416
8416 8417
8417 8418
8418 8419
8419 8420
8420 8421
8423 8424
8425 8426
8425 8452
8426 8427
8452 8451
8427 8428
8428 8429
8429 8430
8430 8431
8431 8432
8432 8433
8433 8434
8434 8435
8435 8436
8436 8437
8437 8438
8438 8439
8439 8440
8440 8441
8441 8442
8442 8443
8443 8444
8444 8445
8445 8446
8446 8447
8447 8448
8448 8449
8449 8450
8450 8451
8453 8454
8455 8456
8455 8478
8456 8457
8478 8477
8457 8458
8458 8459
8459 8460
8460 8461
8461 8462
8462 8463
8463 8464
8464 8465
8465 8466
8466 8467
8467 8468
8468 8469
8469 8470
8470 8471
8471 8472
8472 8473
8473 8474
8474 8475
8475 8476
8476 8477
8479 8480
8479 8494
8480 8481
8494 8493
8481 8482
8482 8483
8483 8484
8484 8485
8485 8486
8486 8487
8487 8488
8488 8489
8489 8490
8490 8491
8491 8492
8492 8493
8495 8496
8495 8502
8496 8497
8502 8501
8497 8498
8498 8499
8499 8500
8500 8501
8503 8504
8503 8509
8504 8505
8509 8508
8505 8506
8506 8507
8507 8508
8510 8511
8510 8538
8511 8512
8538 8537
8512 8513
8513 8514
8514 8515
8515 8516
8516 8517
8517 8518
8518 8519
8519 8520
8520 8521
8521 8522
8522 8523
8523 8524
8524 8525
8525 8526
8526 8527
8527 8528
8528 8529
8529 8530
8530 8531
8531 8532
8532 8533
8533 8534
8534 8535
8535 8536
8536 8537
8539 8540
8541 8542
8541 8565
8542 8543
8565 8564
8543 8544
8544 8545
8545 8546
8546 8547
8547 8548
8548 8549
8549 8550
8550 8551
8551 8552
8552 8553
8553 8554
8554 8555
8555 8556
8556 8557
8557 8558
8558 8559
8559 8560
8560 8561
8561 8562
8562 8563
8563 8564
8566 8567
8566 8598
8567 8568
8598 8597
8568 8569
8569 8570
8570 8571
8571 8572
8572 8573
8573 8574
8574 8575
8575 8576
8576 8577
8577 8578
8578 8579
8579 8580
8580 8581
8581 8582
8582 8583
8583 8584
8584 8585
8585 8586
8586 8587
8587 8588
8588 8589
8589 8590
8590 8591
8591 8592
8592 8593
8593 8594
8594 8595
8595 8596
8596 8597
8599 8600
8599 8604
8600 8601
8604 8603
8601 8602
8602 8603
8605 8606
8605 8618
8606 8607
8618 8617
8607 8608
8608 8609
8609 8610
8610 8611
8611 8612
8612 8613
8613 8614
8614 8615
8615 8616
8616 8617
8619 8620
8619 8658
8620 8621
8658 8657
8621 8622
8622 8623
8623 8624
8624 8625
8625 8626
8626 8627
8627 8628
8628 8629
8629 8630
8630 8631
8631 8632
8632 8633
8633 8634
8634 8635
8635 8636
8636 8637
8637 8638
8638 8639
8639 8640
8640 8641
8641 8642
8642 8643
8643 8644
8644 8645
8645 8646
8646 8647
8647 8648
8648 8649
8649 8650
8650 8651
8651 8652
8652 8653
8653 8654
8654 8655
8655 8656
8656 8657
8659 8660
8659 8680
8660 8661
8680 8679
8661 8662
8662 8663
8663 8664
8664 8665
8665 8666
8666 8667
8667 8668
8668 8669
8669 8670
8670 8671
8671 8672
8672 8673
8673 8674
8674 8675
8675 8676
8676 8677
8677 8678
8678 8679
8681 8682
8681 8709
8682 8683
8709 8708
8683 8684
8684 8685
8685 8686
8686 8687
8687 8688
8688 8689
8689 8690
8690 8691
8691 8692
8692 8693
8693 8694
8694 8695
8695 8696
8696 8697
8697 8698
8698 8699
8699 8700
8700 8701
8701 8702
8702 8703
8703 8704
8704 8705
8705 8706
8706 8707
8707 8708
8710 8711
8710 8745
8711 8712
8745 8744
8712 8713
8713 8714
8714 8715
8715 8716
8716 8717
8717 8718
8718 8719
8719 8720
8720 8721
8721 8722
8722 8723
8723 8724
8724 8725
8725 8726
8726 8727
8727 8728
8728 8729
8729 8730
8730 8731
8731 8732
8732 8733
8733 8734
8734 8735
8735 8736
8736 8737
8737 8738
8738 8739
8739 8740
8740 8741
8741 8742
8742 8743
8743 8744
8746 8747
8746 8772
8747 8748
8772 8771
8748 8749
8749 8750
8750 8751
8751 8752
8752 8753
8753 8754
8754 8755
8755 8756
8756 8757
8757 8758
8758 8759
8759 8760
8760 8761
8761 8762
8762 8763
8763 8764
8764 8765
8765 8766
8766 8767
8767 8768
8768 8769
8769 8770
8770 8771
8773 8774
8773 8792
8774 8775
8792 8791
8775 8776
8776 8777
8777 8778
8778 8779
8779 8780
8780 8781
8781 8782
8782 8783
8783 8784
8784 8785
8785 8786
8786 8787
8787 8788
8788 8789
8789 8790
8790 8791
8793 8794
8793 8822
8794 8795
8822 8821
8795 8796
8796 8797
8797 8798
8798 8799
8799 8800
8800 8801
8801 8802
8802 8803
8803 8804
8804 8805
8805 8806
8806 8807
8807 8808
8807 9044
8808 8809
8809 8810
8810 8811
8811 8812
8812 8813
8813 8814
8814 8815
8815 8816
8816 8817
8817 8818
8818 8819
8819 8820
8820 8821
8823 8824
8823 8829
8824 8825
8829 8828
8825 8826
8826 8827
8827 8828
8830 8831
8830 8836
8831 8832
8836 8835
8832 8833
8833 8834
8834 8835
8837 8838
8837 8875
8838 8839
8875 8874
8839 8840
8840 8841
8841 8842
8842 8843
8843 8844
8844 8845
8845 8846
8846 8847
8847 8848
8848 8849
8849 8850
8850 8851
8851 8852
8852 8853
8853 8854
8854 8855
8855 8856
8856 8857
8857 8858
8858 8859
8859 8860
8860 8861
8861 8862
8862 8863
8863 8864
8864 8865
8865 8866
8866 8867
8867 8868
8868 8869
8869 8870
8870 8871
8871 8872
8872 8873
8873 8874
8876 8877
8876 8890
8877 8878
8890 8889
8878 8879
8879 8880
8880 8881
8881 8882
8882 8883
8883 8884
8884 8885
8885 8886
8886 8887
8887 8888
8888 8889
8891 8892
8891 8909
8892 8893
8909 8908
8893 8894
8894 8895
8895 8896
8896 8897
8897 8898
8898 8899
8899 8900
8900 8901
8901 8902
8902 8903
8903 8904
8904 8905
8905 8906
8906 8907
8907 8908
8910 8911
8910 8952
8911 8912
8952 8951
8912 8913
8913 8914
8914 8915
8915 8916
8916 8917
8917 8918
8918 8919
8919 8920
8920 8921
8921 8922
8922 8923
8923 8924
8924 8925
8925 8926
8926 8927
8927 8928
8928 8929
8929 8930
8930 8931
8931 8932
8932 8933
8933 8934
8934 8935
8935 8936
8936 8937
8937 8938
8938 8939
8939 8940
8940 8941
8941 8942
8942 8943
8943 8944
8944 8945
8945 8946
8946 8947
8947 8948
8948 8949
8949 8950
8950 8951
8953 8954
8953 8974
8954 8955
8974 8973
8955 8956
8956 8957
8957 8958
8958 8959
8959 8960
8960 8961
8961 8962
8962 8963
8963 8964
8964 8965
8965 8966
8966 8967
8967 8968
8968 8969
8969 8970
8970 8971
8971 8972
8972 8973
8975 8976
8975 8983
8976 8977
8983 8982
8977 8978
8978 8979
8979 8980
8980 8981
8981 8982
8984 8985
8984 9001
8985 8986
9001 9000
8986 8987
8987 8988
8988 8989
8989 8990
8990 8991
8991 8992
8992 8993
8993 8994
8994 8995
8995 8996
8996 8997
8997 8998
8998 8999
8999 9000
9002 9003
9002 9031
9003 9004
9031 9030
9004 9005
9005 9006
9006 9007
9007 9008
9008 9009
9009 9010
9010 9011
9011 9012
9012 9013
9013 9014
9014 9015
9015 9016
9016 9017
9017 9018
9018 9019
9019 9020
9020 9021
9021 9022
9022 9023
9023 9024
9024 9025
9025 9026
9026 9027
9027 9028
9028 9029
9029 9030
9032 9033
9032 9034
9033 9034
9035 9036
9035 9044
9036 9037
9044 9043
9037 9038
9038 9039
9039 9040
9040 9041
9041 9042
9042 9043
9045 9046
9045 9074
9046 9047
9074 9073
9047 9048
9048 9049
9049 9050
9050 9051
9051 9052
9052 9053
9053 9054
9054 9055
9055 9056
9056 9057
9057 9058
9058 9059
9059 9060
9060 9061
9061 9062
9062 9063
9063 9064
9064 9065
9065 9066
9066 9067
9067 9068
9068 9069
9069 9070
9070 9071
9071 9072
9072 9073
9075 9076
9075 9082
9076 9077
9082 9081
9077 9078
9078 9079
9079 9080
9080 9081
9083 9084
9083 9099
9084 9085
9099 9098
9085 9086
9086 9087
9087 9088
9088 9089
9089 9090
9090 9091
9091 9092
9092 9093
9093 9094
9094 9095
9095 9096
9096 9097
9097 9098
9100 9101
9100 9142
9101 9102
9142 9141
9102 9103
9103 9104
9104 9105
9105 9106
9106 9107
9107 9108
9108 9109
9109 9110
9110 9111
9111 9112
9112 9113
9113 9114
9114 9115
9115 9116
9116 9117
9117 9118
9118 9119
9119 9120
9120 9121
9121 9122
9122 9123
9123 9124
9124 9125
9125 9126
9126 9127
9127 9128
9128 9129
9129 9130
9130 9131
9131 9132
9132 9133
9133 9134
9134 9135
9135 9136
9136 9137
9137 9138
9138 9139
9139 9140
9140 9141
9143 9144
9143 9164
9144 9145
9164 9163
9145 9146
9146 9147
9147 9148
9147 9509
9148 9149
9149 9150
9150 9151
9151 9152
9152 9153
9153 9154
9154 9155
9155 9156
9156 9157
9157 9158
9158 9159
9159 9160
9160 9161
9161 9162
9162 9163
9165 9166
9165 9177
9166 9167
9177 9176
9167 9168
9168 9169
9169 9170
9170 9171
9171 9172
9172 9173
9173 9174
9174 9175
9175 9176
9178 9179
9178 9213
9179 9180
9213 9212
9180 9181
9181 9182
9182 9183
9183 9184
9184 9185
9185 9186
9186 9187
9187 9188
9188 9189
9189 9190
9190 9191
9191 9192
9192 9193
9193 9194
9194 9195
9195 9196
9196 9197
9197 9198
9198 9199
9199 9200
9200 9201
9201 9202
9202 9203
9203 9204
9204 9205
9205 9206
9206 9207
9207 9208
9208 9209
9209 9210
9210 9211
9211 9212
9214 9215
9214 9248
9215 9216
9248 9247
9216 9217
9217 9218
9218 9219
9219 9220
9220 9221
9221 9222
9222 9223
9223 9224
9224 9225
9225 9226
9226 9227
9227 9228
9228 9229
9229 9230
9230 9231
9231 9232
9232 9233
9233 9234
9234 9235
9235 9236
9236 9237
9237 9238
9238 9239
9239 9240
9240 9241
9241 9242
9242 9243
9243 9244
9244 9245
9245 9246
9246 9247
9249 9250
9249 9290
9250 9251
9290 9289
9251 9252
9252 9253
9253 9254
9254 9255
9255 9256
9256 9257
9257 9258
9258 9259
9259 9260
9260 9261
9261 9262
9262 9263
9263 9264
9264 9265
9265 9266
9266 9267
9267 9268
9268 9269
9269 9270
9270 9271
9271 9272
9272 9273
9273 9274
9274 9275
9275 9276
9276 9277
9277 9278
9278 9279
9279 9280
9280 9281
9281 9282
9282 9283
9283 9284
9284 9285
9285 9286
9286 9287
9287 9288
9288 9289
9291 9292
9291 9317
9292 9293
9317 9316
9293 9294
9294 9295
9295 9296
9296 9297
9297 9298
9298 9299
9299 9300
9300 9301
9301 9302
9302 9303
9303 9304
9304 9305
9305 9306
9306 9307
9307 9308
9308 9309
9309 9310
9310 9311
9311 9312
9312 9313
9313 9314
9314 9315
9315 9316
9318 9319
9318 9335
9319 9320
9335 9334
9320 9321
9321 9322
9322 9323
9323 9324
9324 9325
9325 9326
9326 9327
9327 9328
9328 9329
9329 9330
9330 9331
9331 9332
9332 9333
9333 9334
9336 9337
9336 9365
9337 9338
9365 9364
9338 9339
9339 9340
9340 9341
9341 9342
9342 9343
9343 9344
9344 9345
9345 9346
9346 9347
9347 9348
9348 9349
9349 9350
9350 9351
9351 9352
9352 9353
9353 9354
9354 9355
9355 9356
9356 9357
9357 9358
9358 9359
9359 9360
9360 9361
9361 9362
9362 9363
9363 9364
9366 9367
9366 9396
9367 9368
9396 9395
9368 9369
9369 9370
9370 9371
9371 9372
9372 9373
9373 9374
9374 9375
9375 9376
9376 9377
9377 9378
9378 9379
9379 9380
9380 9381
9381 9382
9382 9383
9383 9384
9384 9385
9385 9386
9386 9387
9387 9388
9388 9389
9389 9390
9390 9391
9391 9392
9392 9393
9393 9394
9394 9395
9397 9398
9397 9409
9398 9399
9409 9408
9399 9400
9400 9401
9401 9402
9402 9403
9403 9404
9404 9405
9405 9406
9406 9407
9407 9408
9410 9411
9410 9413
9411 9412
9413 9412
9414 9415
9414 9416
9415 9416
9417 9418
9417 9424
9418 9419
9424 9423
9419 9420
9420 9421
9421 9422
9422 9423
9425 9426
9425 9467
9426 9427
9467 9466
9427 9428
9428 9429
9429 9430
9430 9431
9431 9432
9432 9433
9433 9434
9434 9435
9435 9436
9436 9437
9437 9438
9438 9439
9439 9440
9440 9441
9441 9442
9442 9443
9443 9444
9444 9445
9445 9446
9446 9447
9447 9448
9448 9449
9449 9450
9450 9451
9451 9452
9452 9453
9453 9454
9454 9455
9455 9456
9456 9457
9457 9458
9458 9459
9459 9460
9460 9461
9461 9462
9462 9463
9463 9464
9464 9465
9465 9466
9468 9469
9468 9497
9469 9470
9497 9496
9470 9471
9471 9472
9472 9473
9473 9474
9474 9475
9475 9476
9476 9477
9477 9478
9478 9479
9479 9480
9480 9481
9481 9482
9482 9483
9483 9484
9484 9485
9485 9486
9486 9487
9487 9488
9488 9489
9489 9490
9490 9491
9491 9492
9492 9493
9493 9494
9494 9495
9495 9496
9498 9499
9498 9514
9499 9500
9514 9513
9500 9501
9501 9502
9502 9503
9503 9504
9504 9505
9505 9506
9506 9507
9507 9508
9508 9509
9509 9510
9510 9511
9511 9512
9512 9513
9515 9516
9515 9528
9516 9517
9528 9527
9517 9518
9518 9519
9519 9520
9520 9521
9521 9522
9522 9523
9523 9524
9524 9525
9525 9526
9526 9527
9529 9530
9529 9567
9530 9531
9567 9566
9531 9532
9532 9533
9533 9534
9534 9535
9535 9536
9536 9537
9537 9538
9538 9539
9539 9540
9540 9541
9541 9542
9542 9543
9543 9544
9544 9545
9545 9546
9546 9547
9547 9548
9548 9549
9549 9550
9550 9551
9551 9552
9552 9553
9553 9554
9554 9555
9555 9556
9556 9557
9557 9558
9558 9559
9559 9560
9560 9561
9561 9562
9562 9563
9563 9564
9564 9565
9565 9566
9568 9569
9568 9597
9569 9570
9597 9596
9570 9571
9571 9572
9572 9573
9573 9574
9574 9575
9575 9576
9576 9577
9577 9578
9578 9579
9579 9580
9580 9581
9581 9582
9582 9583
9583 9584
9584 9585
9585 9586
9586 9587
9587 9588
9588 9589
9589 9590
9590 9591
9591 9592
9592 9593
9593 9594
9594 9595
9595 9596
9598 9599
9598 9633
9599 9600
9633 9632
9600 9601
9601 9602
9602 9603
9603 9604
9604 9605
9605 9606
9606 9607
9607 9608
9608 9609
9609 9610
9610 9611
9611 9612
9612 9613
9613 9614
9614 9615
9615 9616
9616 9617
9617 9618
9618 9619
9619 9620
9620 9621
9621 9622
9622 9623
9623 9624
9624 9625
9625 9626
9626 9627
9627 9628
9628 9629
9629 9630
9630 9631
9631 9632
9634 9635
9634 9642
9635 9636
9642 9641
9636 9637
9637 9638
9638 9639
9639 9640
9640 9641
9643 9644
9643 9656
9644 9645
9656 9655
9645 9646
9646 9647
9647 9648
9648 9649
9649 9650
9650 9651
9651 9652
9652 9653
9653 9654
9654 9655
9657 9658
9657 9663
9657 9801
9658 9659
9663 9662
9659 9660
9660 9661
9661 9662
9664 9665
9664 9688
9665 9666
9688 9687
9666 9667
9667 9668
9668 9669
9669 9670
9670 9671
9671 9672
9672 9673
9673 9674
9674 9675
9675 9676
9676 9677
9677 9678
9678 9679
9679 9680
9680 9681
9681 9682
9682 9683
9683 9684
9684 9685
9685 9686
9686 9687
9689 9690
9689 9703
9690 9691
9703 9702
9691 9692
9692 9693
9693 9694
9694 9695
9695 9696
9696 9697
9697 9698
9698 9699
9699 9700
9700 9701
9701 9702
9704 9705
9704 9729
9705 9706
9729 9728
9706 9707
9707 9708
9708 9709
9709 9710
9710 9711
9711 9712
9712 9713
9713 9714
9714 9715
9715 9716
9716 9717
9717 9718
9718 9719
9719 9720
9720 9721
9721 9722
9722 9723
9723 9724
9724 9725
9725 9726
9726 9727
9727 9728
9730 9731
9730 9750
9731 9732
9750 9749
9732 9733
9733 9734
9734 9735
9735 9736
9736 9737
9737 9738
9738 9739
9739 9740
9740 9741
9741 9742
9742 9743
9743 9744
9744 9745
9745 9746
9746 9747
9747 9748
9748 9749
9751 9752
9751 9793
9752 9753
9793 9792
9753 9754
9754 9755
9755 9756
9756 9757
9757 9758
9758 9759
9759 9760
9760 9761
9761 9762
9762 9763
9763 9764
9764 9765
9765 9766
9766 9767
9767 9768
9768 9769
9769 9770
9770 9771
9771 9772
9772 9773
9773 9774
9774 9775
9775 9776
9776 9777
9777 9778
9778 9779
9779 9780
9780 9781
9781 9782
9782 9783
9783 9784
9784 9785
9785 9786
9786 9787
9787 9788
9788 9789
9789 9790
9790 9791
9791 9792
9794 9795
9794 9813
9795 9796
9813 9812
9796 9797
9797 9798
9798 9799
9799 9800
9800 9801
9801 9802
9802 9803
9803 9804
9804 9805
9805 9806
9806 9807
9807 9808
9808 9809
9809 9810
9810 9811
9811 9812
9814 9815
9814 9834
9815 9816
9834 9833
9816 9817
9817 9818
9818 9819
9819 9820
9820 9821
9821 9822
9822 9823
9823 9824
9824 9825
9825 9826
9826 9827
9827 9828
9828 9829
9829 9830
9830 9831
9831 9832
9832 9833
